380.1385681293302,0.025330459770114833,0.034554597701149325
384.64203233256353,0.01610632183908045,0.03301724137931028
389.1454965357968,0.01610632183908045,0.02686781609195399
393.64896073903003,0.009956896551724048,0.01610632183908045
398.1524249422633,0.0022701149425286005,0.01610632183908045
402.65588914549653,0.0007327586206895553,0.009956896551724048
407.1593533487298,0.0038074712643678676,0.008419540229885003
411.66281755196303,0.0022701149425286005,0.005344827586206913
416.16628175519634,0.0038074712643678676,0.006882183908045958
420.66974595842953,0.005344827586206913,0.008419540229885003
425.17321016166284,0.0038074712643678676,0.009956896551724048
429.6766743648961,0.009956896551724048,0.017643678160919496
434.18013856812934,0.017643678160919496,0.02994252873563208
438.6836027713626,0.02994252873563208,0.10834770114942527
443.18706697459584,0.10834770114942527,0.2836063218390804
447.69053117782914,0.045316091954022975,0.2543965517241379
452.19399538106234,0.011494252873563315,0.045316091954022975
456.69745958429564,0.005344827586206913,0.011494252873563315
461.2009237875289,0.0007327586206895553,0.005344827586206913
465.7043879907621,-0.002341954022988535,0.0007327586206895553
470.20785219399534,-0.0008045977011494898,0.0022701149425286005
474.71131639722864,0.0007327586206895553,0.0022701149425286005
479.2147806004619,0.0022701149425286005,0.005344827586206913
483.71824480369514,0.0038074712643678676,0.005344827586206913
488.2217090069284,0.0038074712643678676,0.005344827586206913
492.72517321016164,0.0038074712643678676,0.005344827586206913
497.2286374133949,0.0038074712643678676,0.006882183908045958
501.7321016166282,0.006882183908045958,0.011494252873563315
506.23556581986145,0.0038074712643678676,0.009956896551724048
510.7390300230947,0.005344827586206913,0.006882183908045958
515.242494226328,0.005344827586206913,0.006882183908045958
519.7459584295611,0.0038074712643678676,0.006882183908045958
524.2494226327944,0.0038074712643678676,0.005344827586206913
528.7528868360278,0.0038074712643678676,0.005344827586206913
533.2563510392611,0.0038074712643678676,0.005344827586206913
537.7598152424941,0.005344827586206913,0.008419540229885003
542.2632794457274,0.006882183908045958,0.008419540229885003
546.7667436489608,0.008419540229885003,0.009956896551724048
551.2702078521941,0.008419540229885003,0.009956896551724048
555.7736720554273,0.009956896551724048,0.011494252873563315
560.2771362586604,0.009956896551724048,0.011494252873563315
564.7806004618938,0.009956896551724048,0.011494252873563315
569.2840646651271,0.008419540229885003,0.009956896551724048
573.7875288683603,0.008419540229885003,0.009956896551724048
578.2909930715936,0.008419540229885003,0.009956896551724048
582.7944572748268,0.008419540229885003,0.009956896551724048
587.2979214780601,0.008419540229885003,0.009956896551724048
591.8013856812934,0.008419540229885003,0.009956896551724048
596.3048498845266,0.008419540229885003,0.011494252873563315
600.8083140877598,0.011494252873563315,0.01303160919540236
605.3117782909931,0.009956896551724048,0.01303160919540236
609.8152424942264,0.008419540229885003,0.011494252873563315
614.3187066974596,0.008419540229885003,0.009956896551724048
618.8221709006928,0.008419540229885003,0.009956896551724048
623.3256351039261,0.008419540229885003,0.009956896551724048
627.8290993071594,0.008419540229885003,0.009956896551724048
632.3325635103927,0.008419540229885003,0.009956896551724048
636.8360277136259,0.006882183908045958,0.008419540229885003
641.3394919168591,0.008419540229885003,0.011494252873563315
645.8429561200924,0.011494252873563315,0.01303160919540236
650.3464203233257,0.011494252873563315,0.017643678160919496
654.8498845265589,0.017643678160919496,0.025330459770114833
659.3533487297922,0.025330459770114833,0.031479885057471235
663.8568129330254,0.031479885057471235,0.03916666666666668
668.3602771362587,0.03916666666666668,0.07913793103448274
672.863741339492,0.07913793103448274,0.30974137931034473
677.3672055427252,0.30974137931034473,0.5080603448275862
681.8706697459585,0.08989942528735628,0.3312643678160919
686.3741339491917,0.04070402298850573,0.08989942528735628
690.877598152425,0.03301724137931028,0.04070402298850573
695.3810623556583,0.03301724137931028,0.048390804597701065
699.8845265588914,0.048390804597701065,0.09912356321839078
704.3879907621247,0.09912356321839078,0.30666666666666664
708.891454965358,0.30666666666666664,0.9538936781609195
713.3949191685913,0.6587212643678161,1.000014367816092
717.8983833718245,0.2328735632183908,0.6587212643678161
722.4018475750578,0.10066091954022982,0.2328735632183908
726.905311778291,0.05607758620689651,0.10066091954022982
731.4087759815242,0.03762931034482753,0.05607758620689651
735.9122401847575,0.022255747126436742,0.03762931034482753
740.4157043879907,0.01610632183908045,0.022255747126436742
744.919168591224,0.011494252873563315,0.01610632183908045
749.4226327944573,0.008419540229885003,0.011494252873563315
753.9260969976905,0.008419540229885003,0.009956896551724048
758.4295612009238,0.008419540229885003,0.009956896551724048
762.933025404157,0.006882183908045958,0.009956896551724048
767.4364896073903,0.009956896551724048,0.014568965517241184
771.9399538106235,0.006882183908045958,0.014568965517241184
776.4434180138568,0.005344827586206913,0.006882183908045958
780.9468822170901,0.0038074712643678676,0.005344827586206913
785.4503464203233,0.0038074712643678676,0.005344827586206913
789.9538106235566,0.0038074712643678676,0.005344827586206913
794.4572748267898,0.0038074712643678676,0.005344827586206913
798.9607390300231,0.0038074712643678676,0.005344827586206913
803.4642032332564,0.0038074712643678676,0.005344827586206913
807.9676674364896,0.0038074712643678676,0.005344827586206913
812.4711316397229,0.0038074712643678676,0.005344827586206913
816.9745958429561,0.0038074712643678676,0.005344827586206913
821.4780600461894,0.005344827586206913,0.006882183908045958
825.9815242494227,0.006882183908045958,0.008419540229885003
830.4849884526559,0.005344827586206913,0.008419540229885003
834.9884526558892,0.005344827586206913,0.006882183908045958
839.4919168591224,0.0038074712643678676,0.005344827586206913
843.9953810623557,0.0038074712643678676,0.005344827586206913
848.4988452655889,0.0038074712643678676,0.005344827586206913
853.0023094688222,0.0038074712643678676,0.005344827586206913
857.5057736720555,0.0038074712643678676,0.005344827586206913
862.0092378752887,0.0038074712643678676,0.005344827586206913
866.512702078522,0.0038074712643678676,0.005344827586206913
871.0161662817552,0.0038074712643678676,0.006882183908045958
875.5196304849884,0.006882183908045958,0.01303160919540236
880.0230946882217,0.01303160919540236,0.01918103448275854
884.5265588914549,0.009956896551724048,0.017643678160919496
889.0300230946882,0.006882183908045958,0.009956896551724048
893.5334872979214,0.005344827586206913,0.006882183908045958
898.0369515011547,0.0038074712643678676,0.005344827586206913
902.540415704388,0.0038074712643678676,0.005344827586206913
907.0438799076212,0.0038074712643678676,0.005344827586206913
911.5473441108545,0.0038074712643678676,0.005344827586206913
916.0508083140877,0.0038074712643678676,0.005344827586206913
920.554272517321,0.0022701149425286005,0.0038074712643678676
925.0577367205542,0.0022701149425286005,0.0038074712643678676
929.5612009237875,0.0022701149425286005,0.0038074712643678676
934.0646651270208,0.0022701149425286005,0.0038074712643678676
938.568129330254,0.0022701149425286005,0.005344827586206913
943.0715935334873,0.0038074712643678676,0.005344827586206913
947.5750577367205,0.005344827586206913,0.006882183908045958
952.0785219399538,0.005344827586206913,0.006882183908045958
956.5819861431871,0.005344827586206913,0.006882183908045958
961.0854503464203,0.006882183908045958,0.008419540229885003
965.5889145496536,0.008419540229885003,0.009956896551724048
970.0923787528868,0.008419540229885003,0.011494252873563315
974.5958429561201,0.011494252873563315,0.01303160919540236
979.0993071593533,0.011494252873563315,0.01303160919540236
983.6027713625866,0.01303160919540236,0.017643678160919496
988.1062355658199,0.017643678160919496,0.01918103448275854
992.6096997690531,0.01918103448275854,0.022255747126436742
997.1131639722864,0.022255747126436742,0.028405172413793034
1001.6166281755196,0.028405172413793034,0.034554597701149325
1006.1200923787529,0.034554597701149325,0.04070402298850573
1010.6235565819862,0.04070402298850573,0.051465517241379266
1015.1270207852194,0.051465517241379266,0.10373563218390802
1019.6304849884527,0.04992816091954011,0.10219827586206898
1024.133949191686,0.04685344827586213,0.04992816091954011
1028.6374133949191,0.048390804597701065,0.051465517241379266
1033.1408775981524,0.03916666666666668,0.048390804597701065
1037.6443418013855,0.031479885057471235,0.03916666666666668
1042.1478060046188,0.02686781609195399,0.031479885057471235
1046.6512702078521,0.0237931034482759,0.02686781609195399
1051.1547344110854,0.0237931034482759,0.025330459770114833
1055.6581986143187,0.025330459770114833,0.02994252873563208
1060.161662817552,0.02994252873563208,0.04224137931034477
1064.6651270207853,0.04224137931034477,0.0714511494252873
1069.1685912240184,0.0683764367816091,0.08528735632183904
1073.6720554272517,0.02994252873563208,0.0683764367816091
1078.1755196304848,0.020718390804597697,0.02994252873563208
1082.6789838337181,0.017643678160919496,0.020718390804597697
1087.1824480369514,0.017643678160919496,0.01918103448275854
1091.6859122401847,0.01918103448275854,0.022255747126436742
1096.189376443418,0.017643678160919496,0.0237931034482759
1100.6928406466513,0.01303160919540236,0.017643678160919496
1105.1963048498847,0.009956896551724048,0.01303160919540236
1109.6997690531177,0.008419540229885003,0.009956896551724048
1114.203233256351,0.008419540229885003,0.009956896551724048
1118.7066974595843,0.008419540229885003,0.009956896551724048
1123.2101616628174,0.008419540229885003,0.009956896551724048
1127.7136258660507,0.008419540229885003,0.009956896551724048
1132.217090069284,0.009956896551724048,0.011494252873563315
1136.7205542725173,0.009956896551724048,0.01303160919540236
1141.2240184757507,0.011494252873563315,0.01303160919540236
1145.727482678984,0.01303160919540236,0.014568965517241184
1150.2309468822173,0.011494252873563315,0.01303160919540236
1154.7344110854503,0.009956896551724048,0.011494252873563315
1159.2378752886837,0.009956896551724048,0.011494252873563315
1163.741339491917,0.011494252873563315,0.022255747126436742
1168.24480369515,0.020718390804597697,0.028405172413793034
1172.7482678983833,0.009956896551724048,0.020718390804597697
1177.2517321016167,0.008419540229885003,0.009956896551724048
1181.75519630485,0.006882183908045958,0.008419540229885003
1186.258660508083,0.006882183908045958,0.008419540229885003
1190.7621247113166,0.005344827586206913,0.006882183908045958
1195.2655889145497,0.005344827586206913,0.009956896551724048
1199.7690531177827,0.008419540229885003,0.011494252873563315
1204.272517321016,0.005344827586206913,0.008419540229885003
1208.7759815242493,0.0038074712643678676,0.005344827586206913
1213.2794457274827,0.0038074712643678676,0.005344827586206913
1217.782909930716,0.0038074712643678676,0.005344827586206913
1222.2863741339493,0.0038074712643678676,0.005344827586206913
1226.7898383371826,0.0038074712643678676,0.005344827586206913
1231.2933025404157,0.0038074712643678676,0.005344827586206913
1235.796766743649,0.0038074712643678676,0.005344827586206913
1240.3002309468823,0.0038074712643678676,0.006882183908045958
1244.8036951501156,0.0038074712643678676,0.005344827586206913
1249.3071593533487,0.0038074712643678676,0.005344827586206913
1253.810623556582,0.0038074712643678676,0.005344827586206913
1258.3140877598153,0.0038074712643678676,0.005344827586206913
1262.8175519630483,0.0038074712643678676,0.005344827586206913
1267.3210161662819,0.0038074712643678676,0.005344827586206913
1271.824480369515,0.0038074712643678676,0.005344827586206913
1276.3279445727483,0.0038074712643678676,0.005344827586206913
1280.8314087759813,0.0038074712643678676,0.005344827586206913
1285.3348729792149,0.0038074712643678676,0.005344827586206913
1289.838337182448,0.0038074712643678676,0.005344827586206913
1294.3418013856813,0.0038074712643678676,0.005344827586206913
1298.8452655889146,0.0038074712643678676,0.005344827586206913
1303.3487297921479,0.0038074712643678676,0.006882183908045958
1307.852193995381,0.0038074712643678676,0.005344827586206913
1312.3556581986143,0.0038074712643678676,0.005344827586206913
1316.8591224018476,0.0038074712643678676,0.005344827586206913
1321.3625866050809,0.0038074712643678676,0.005344827586206913
1325.866050808314,0.0022701149425286005,0.005344827586206913
1330.3695150115475,0.0022701149425286005,0.0038074712643678676
1334.8729792147806,0.0022701149425286005,0.0038074712643678676
1339.3764434180139,0.0038074712643678676,0.005344827586206913
1343.879907621247,0.0038074712643678676,0.006882183908045958
1348.3833718244805,0.005344827586206913,0.008419540229885003
1352.8868360277136,0.006882183908045958,0.008419540229885003
1357.3903002309469,0.008419540229885003,0.011494252873563315
1361.8937644341802,0.011494252873563315,0.017643678160919496
1366.3972286374135,0.017643678160919496,0.03301724137931028
1370.9006928406466,0.031479885057471235,0.03916666666666668
1375.40415704388,0.020718390804597697,0.031479885057471235
1379.9076212471132,0.01610632183908045,0.020718390804597697
1384.4110854503465,0.01303160919540236,0.01610632183908045
1388.9145496535796,0.01303160919540236,0.014568965517241184
1393.418013856813,0.01303160919540236,0.014568965517241184
1397.9214780600462,0.014568965517241184,0.01610632183908045
1402.4249422632795,0.014568965517241184,0.01610632183908045
1406.9284064665128,0.01610632183908045,0.017643678160919496
1411.4318706697459,0.017643678160919496,0.020718390804597697
1415.9353348729792,0.020718390804597697,0.022255747126436742
1420.4387990762123,0.022255747126436742,0.025330459770114833
1424.9422632794458,0.025330459770114833,0.028405172413793034
1429.4457274826789,0.028405172413793034,0.03609195402298848
1433.9491916859122,0.03609195402298848,0.051465517241379266
1438.4526558891455,0.051465517241379266,0.065301724137931
1442.9561200923788,0.065301724137931,0.07913793103448274
1447.4595842956119,0.07913793103448274,0.09143678160919533
1451.9630484988454,0.09143678160919533,0.09604885057471257
1456.4665127020785,0.08528735632183904,0.09451149425287353
1460.9699769053118,0.06991379310344814,0.08528735632183904
1465.4734411085449,0.05607758620689651,0.06991379310344814
1469.9769053117784,0.048390804597701065,0.05607758620689651
1474.4803695150115,0.04685344827586213,0.048390804597701065
1478.9838337182448,0.048390804597701065,0.07298850574712634
1483.487297921478,0.07298850574712634,0.17291666666666672
1487.9907621247114,0.17291666666666672,0.33587643678160917
1492.4942263279445,0.0714511494252873,0.26977011494252867
1496.9976905311778,0.03609195402298848,0.0714511494252873
1501.501154734411,0.025330459770114833,0.03609195402298848
1506.0046189376444,0.022255747126436742,0.025330459770114833
1510.5080831408775,0.020718390804597697,0.022255747126436742
1515.011547344111,0.022255747126436742,0.028405172413793034
1519.515011547344,0.01918103448275854,0.028405172413793034
1524.0184757505774,0.01610632183908045,0.01918103448275854
1528.5219399538107,0.014568965517241184,0.01610632183908045
1533.025404157044,0.01303160919540236,0.01610632183908045
1537.528868360277,0.011494252873563315,0.01303160919540236
1542.0323325635104,0.011494252873563315,0.01303160919540236
1546.5357967667437,0.009956896551724048,0.01303160919540236
1551.0392609699768,0.009956896551724048,0.011494252873563315
1555.54272517321,0.011494252873563315,0.014568965517241184
1560.0461893764434,0.014568965517241184,0.017643678160919496
1564.5496535796767,0.017643678160919496,0.01918103448275854
1569.0531177829098,0.017643678160919496,0.020718390804597697
1573.556581986143,0.01610632183908045,0.01918103448275854
1578.0600461893764,0.017643678160919496,0.01918103448275854
1582.5635103926097,0.01918103448275854,0.020718390804597697
1587.0669745958428,0.01918103448275854,0.025330459770114833
1591.5704387990763,0.025330459770114833,0.045316091954022975
1596.0739030023094,0.045316091954022975,0.10834770114942527
1600.5773672055427,0.048390804597701065,0.11142241379310336
1605.080831408776,0.022255747126436742,0.048390804597701065
1609.5842956120093,0.017643678160919496,0.022255747126436742
1614.0877598152424,0.01610632183908045,0.01918103448275854
1618.5912240184757,0.01610632183908045,0.01918103448275854
1623.094688221709,0.011494252873563315,0.01610632183908045
1627.5981524249423,0.008419540229885003,0.011494252873563315
1632.1016166281754,0.005344827586206913,0.008419540229885003
1636.605080831409,0.0038074712643678676,0.006882183908045958
1641.108545034642,0.0038074712643678676,0.006882183908045958
1645.6120092378753,0.0038074712643678676,0.005344827586206913
1650.1154734411084,0.0038074712643678676,0.005344827586206913
1654.618937644342,0.0038074712643678676,0.005344827586206913
1659.122401847575,0.0038074712643678676,0.005344827586206913
1663.6258660508083,0.0038074712643678676,0.005344827586206913
1668.1293302540416,0.0038074712643678676,0.005344827586206913
1672.632794457275,0.0038074712643678676,0.005344827586206913
1677.136258660508,0.0038074712643678676,0.005344827586206913
1681.6397228637413,0.0038074712643678676,0.005344827586206913
1686.1431870669746,0.0038074712643678676,0.005344827586206913
1690.646651270208,0.0038074712643678676,0.005344827586206913
1695.150115473441,0.0038074712643678676,0.005344827586206913
1699.6535796766743,0.0038074712643678676,0.005344827586206913
1704.1570438799076,0.0038074712643678676,0.005344827586206913
1708.6605080831407,0.0038074712643678676,0.005344827586206913
1713.1639722863742,0.0038074712643678676,0.005344827586206913
1717.6674364896073,0.0038074712643678676,0.005344827586206913
1722.1709006928406,0.005344827586206913,0.008419540229885003
1726.6743648960737,0.008419540229885003,0.009956896551724048
1731.1778290993072,0.009956896551724048,0.011494252873563315
1735.6812933025403,0.008419540229885003,0.009956896551724048
1740.1847575057736,0.005344827586206913,0.008419540229885003
1744.688221709007,0.0038074712643678676,0.005344827586206913
1749.1916859122402,0.0038074712643678676,0.005344827586206913
1753.6951501154733,0.0038074712643678676,0.005344827586206913
1758.1986143187066,0.0038074712643678676,0.005344827586206913
1762.70207852194,0.0038074712643678676,0.005344827586206913
1767.2055427251732,0.0038074712643678676,0.005344827586206913
1771.7090069284063,0.0038074712643678676,0.005344827586206913
1776.2124711316399,0.0038074712643678676,0.006882183908045958
1780.715935334873,0.0038074712643678676,0.005344827586206913
1785.2193995381062,0.005344827586206913,0.006882183908045958
1789.7228637413396,0.006882183908045958,0.009956896551724048
1794.2263279445729,0.009956896551724048,0.014568965517241184
1798.729792147806,0.014568965517241184,0.01610632183908045
1803.2332563510392,0.01303160919540236,0.01610632183908045
1807.7367205542726,0.008419540229885003,0.01303160919540236
1812.2401847575059,0.005344827586206913,0.008419540229885003
1816.743648960739,0.006882183908045958,0.008419540229885003
1821.2471131639725,0.005344827586206913,0.006882183908045958
1825.7505773672056,0.0038074712643678676,0.005344827586206913
1830.2540415704389,0.0038074712643678676,0.005344827586206913
1834.757505773672,0.0038074712643678676,0.005344827586206913
1839.2609699769055,0.0038074712643678676,0.005344827586206913
1843.7644341801386,0.005344827586206913,0.008419540229885003
1848.2678983833719,0.008419540229885003,0.014568965517241184
1852.7713625866052,0.014568965517241184,0.01918103448275854
1857.2748267898382,0.014568965517241184,0.01918103448275854
1861.7782909930716,0.011494252873563315,0.014568965517241184
1866.2817551963049,0.011494252873563315,0.01303160919540236
1870.7852193995382,0.011494252873563315,0.01303160919540236
1875.2886836027712,0.008419540229885003,0.011494252873563315
1879.7921478060046,0.005344827586206913,0.008419540229885003
1884.2956120092379,0.0038074712643678676,0.005344827586206913
1888.7990762124712,0.0038074712643678676,0.005344827586206913
1893.3025404157042,0.0038074712643678676,0.005344827586206913
1897.8060046189378,0.0038074712643678676,0.005344827586206913
1902.3094688221709,0.0038074712643678676,0.005344827586206913
1906.8129330254042,0.0038074712643678676,0.005344827586206913
1911.3163972286372,0.0038074712643678676,0.005344827586206913
1915.8198614318708,0.0038074712643678676,0.005344827586206913
1920.3233256351039,0.0038074712643678676,0.006882183908045958
1924.8267898383372,0.005344827586206913,0.008419540229885003
1929.3302540415705,0.008419540229885003,0.011494252873563315
1933.8337182448038,0.011494252873563315,0.017643678160919496
1938.3371824480369,0.017643678160919496,0.022255747126436742
1942.8406466512704,0.01918103448275854,0.022255747126436742
1947.3441108545035,0.014568965517241184,0.01918103448275854
1951.8475750577368,0.01303160919540236,0.014568965517241184
1956.3510392609699,0.011494252873563315,0.01303160919540236
1960.8545034642034,0.009956896551724048,0.01303160919540236
1965.3579676674365,0.006882183908045958,0.009956896551724048
1969.8614318706698,0.005344827586206913,0.006882183908045958
1974.364896073903,0.0038074712643678676,0.005344827586206913
1978.8683602771364,0.0038074712643678676,0.005344827586206913
1983.3718244803695,0.0038074712643678676,0.005344827586206913
1987.8752886836028,0.0038074712643678676,0.005344827586206913
1992.378752886836,0.0038074712643678676,0.005344827586206913
1996.8822170900694,0.0038074712643678676,0.005344827586206913
2001.3856812933025,0.0038074712643678676,0.005344827586206913
2005.8891454965358,0.0038074712643678676,0.005344827586206913
2010.392609699769,0.0038074712643678676,0.005344827586206913
2014.8960739030022,0.0038074712643678676,0.005344827586206913
2019.3995381062355,0.0038074712643678676,0.005344827586206913
2023.9030023094688,0.0038074712643678676,0.005344827586206913
2028.406466512702,0.0038074712643678676,0.005344827586206913
2032.9099307159352,0.0038074712643678676,0.005344827586206913
2037.4133949191687,0.0038074712643678676,0.005344827586206913
2041.9168591224018,0.0038074712643678676,0.005344827586206913
2046.420323325635,0.0038074712643678676,0.005344827586206913
2050.923787528868,0.0038074712643678676,0.005344827586206913
2055.4272517321015,0.0038074712643678676,0.005344827586206913
2059.930715935335,0.0038074712643678676,0.005344827586206913
2064.434180138568,0.0038074712643678676,0.005344827586206913
2068.9376443418014,0.0038074712643678676,0.005344827586206913
2073.4411085450347,0.0038074712643678676,0.005344827586206913
2077.944572748268,0.0038074712643678676,0.005344827586206913
2082.4480369515013,0.0038074712643678676,0.005344827586206913
2086.9515011547346,0.0038074712643678676,0.005344827586206913
2091.454965357968,0.0038074712643678676,0.005344827586206913
2095.958429561201,0.0038074712643678676,0.005344827586206913
2100.4618937644345,0.0038074712643678676,0.005344827586206913
2104.9653579676674,0.0038074712643678676,0.005344827586206913
2109.4688221709007,0.0038074712643678676,0.005344827586206913
2113.972286374134,0.0038074712643678676,0.005344827586206913
2118.4757505773673,0.0038074712643678676,0.005344827586206913
2122.9792147806,0.0038074712643678676,0.005344827586206913
2127.482678983834,0.0038074712643678676,0.005344827586206913
2131.986143187067,0.0038074712643678676,0.005344827586206913
2136.4896073903,0.0038074712643678676,0.005344827586206913
2140.9930715935334,0.0038074712643678676,0.005344827586206913
2145.4965357967667,0.0038074712643678676,0.005344827586206913
2150.0,0.0038074712643678676,0.005344827586206913
2154.5034642032333,0.0038074712643678676,0.005344827586206913
2159.0069284064666,0.0038074712643678676,0.005344827586206913
2163.5103926097,0.0038074712643678676,0.005344827586206913
2168.013856812933,0.0038074712643678676,0.005344827586206913
2172.517321016166,0.0038074712643678676,0.005344827586206913
2177.0207852194,0.0038074712643678676,0.005344827586206913
2181.524249422633,0.0038074712643678676,0.005344827586206913
2186.027713625866,0.0038074712643678676,0.005344827586206913
2190.5311778290993,0.0038074712643678676,0.005344827586206913
2195.034642032332,0.0038074712643678676,0.005344827586206913
2199.5381062355655,0.0038074712643678676,0.005344827586206913
2204.041570438799,0.0038074712643678676,0.005344827586206913
2208.545034642032,0.0038074712643678676,0.005344827586206913
2213.0484988452654,0.0038074712643678676,0.005344827586206913
2217.5519630484987,0.0038074712643678676,0.005344827586206913
2222.055427251732,0.0038074712643678676,0.005344827586206913
2226.5588914549653,0.0038074712643678676,0.005344827586206913
2231.0623556581986,0.0038074712643678676,0.005344827586206913
2235.565819861432,0.0038074712643678676,0.005344827586206913
2240.069284064665,0.0038074712643678676,0.005344827586206913
2244.5727482678985,0.0038074712643678676,0.005344827586206913
2249.0762124711314,0.0038074712643678676,0.005344827586206913
2253.579676674365,0.0038074712643678676,0.005344827586206913
2258.0831408775985,0.0038074712643678676,0.005344827586206913
2262.5866050808313,0.0038074712643678676,0.005344827586206913
2267.0900692840646,0.0038074712643678676,0.005344827586206913
2271.593533487298,0.0038074712643678676,0.005344827586206913
2276.096997690531,0.0038074712643678676,0.005344827586206913
2280.6004618937645,0.0038074712643678676,0.005344827586206913
2285.1039260969974,0.0038074712643678676,0.005344827586206913
2289.607390300231,0.0038074712643678676,0.005344827586206913
2294.1108545034645,0.0038074712643678676,0.005344827586206913
2298.6143187066973,0.0038074712643678676,0.005344827586206913
2303.1177829099306,0.0038074712643678676,0.005344827586206913
2307.621247113164,0.0038074712643678676,0.005344827586206913
2312.124711316397,0.0038074712643678676,0.005344827586206913
2316.6281755196305,0.005344827586206913,0.006882183908045958
2321.131639722864,0.0038074712643678676,0.005344827586206913
2325.6351039260967,0.0038074712643678676,0.005344827586206913
2330.1385681293305,0.0038074712643678676,0.005344827586206913
2334.6420323325638,0.0038074712643678676,0.005344827586206913
2339.1454965357966,0.0038074712643678676,0.005344827586206913
2343.64896073903,0.0038074712643678676,0.005344827586206913
2348.152424942263,0.0038074712643678676,0.005344827586206913
2352.6558891454965,0.0038074712643678676,0.005344827586206913
2357.15935334873,0.0038074712643678676,0.005344827586206913
2361.6628175519627,0.0038074712643678676,0.005344827586206913
2366.1662817551965,0.0038074712643678676,0.005344827586206913
2370.6697459584298,0.0022701149425286005,0.005344827586206913
2375.1732101616626,0.0022701149425286005,0.0038074712643678676
2379.676674364896,0.0022701149425286005,0.0038074712643678676
2384.1801385681297,0.0038074712643678676,0.005344827586206913
2388.6836027713625,0.0038074712643678676,0.005344827586206913
2393.187066974596,0.0038074712643678676,0.005344827586206913
2397.690531177829,0.0038074712643678676,0.005344827586206913
2402.1939953810625,0.0038074712643678676,0.005344827586206913
2406.6974595842958,0.0038074712643678676,0.005344827586206913
2411.200923787529,0.0038074712643678676,0.005344827586206913
2415.704387990762,0.0038074712643678676,0.005344827586206913
2420.2078521939957,0.0038074712643678676,0.005344827586206913
2424.7113163972285,0.0038074712643678676,0.005344827586206913
2429.214780600462,0.0038074712643678676,0.005344827586206913
2433.718244803695,0.0038074712643678676,0.005344827586206913
2438.2217090069284,0.0038074712643678676,0.005344827586206913
2442.7251732101618,0.0038074712643678676,0.005344827586206913
2447.228637413395,0.0038074712643678676,0.005344827586206913
2451.732101616628,0.0038074712643678676,0.005344827586206913
2456.235565819861,0.0038074712643678676,0.005344827586206913
2460.739030023095,0.0038074712643678676,0.005344827586206913
2465.242494226328,0.0038074712643678676,0.005344827586206913
2469.745958429561,0.0038074712643678676,0.005344827586206913
2474.2494226327944,0.0038074712643678676,0.005344827586206913
2478.7528868360278,0.0038074712643678676,0.005344827586206913
2483.256351039261,0.0038074712643678676,0.005344827586206913
2487.759815242494,0.0038074712643678676,0.005344827586206913
2492.263279445727,0.0038074712643678676,0.005344827586206913
2496.766743648961,0.0038074712643678676,0.005344827586206913
2501.270207852194,0.0038074712643678676,0.005344827586206913
2505.773672055427,0.0038074712643678676,0.005344827586206913
2510.2771362586604,0.0038074712643678676,0.005344827586206913
2514.7806004618938,0.0038074712643678676,0.005344827586206913
2519.284064665127,0.0038074712643678676,0.005344827586206913
2523.7875288683604,0.0038074712643678676,0.005344827586206913
2528.290993071593,0.0038074712643678676,0.005344827586206913
2532.794457274827,0.0038074712643678676,0.005344827586206913
2537.2979214780603,0.0038074712643678676,0.005344827586206913
2541.801385681293,0.0038074712643678676,0.005344827586206913
2546.3048498845264,0.0038074712643678676,0.005344827586206913
2550.80831408776,0.0038074712643678676,0.005344827586206913
2555.311778290993,0.0038074712643678676,0.005344827586206913
2559.8152424942264,0.0038074712643678676,0.005344827586206913
2564.318706697459,0.0038074712643678676,0.005344827586206913
2568.822170900693,0.0038074712643678676,0.005344827586206913
2573.3256351039263,0.0038074712643678676,0.005344827586206913
2577.829099307159,0.0038074712643678676,0.005344827586206913
2582.3325635103924,0.0038074712643678676,0.005344827586206913
2586.836027713626,0.0038074712643678676,0.005344827586206913
2591.339491916859,0.005344827586206913,0.006882183908045958
2595.8429561200924,0.0038074712643678676,0.005344827586206913
2600.3464203233257,0.0038074712643678676,0.005344827586206913
2604.849884526559,0.0038074712643678676,0.005344827586206913
2609.3533487297923,0.0038074712643678676,0.005344827586206913
2613.8568129330256,0.0038074712643678676,0.005344827586206913
2618.3602771362584,0.0038074712643678676,0.005344827586206913
2622.8637413394918,0.0038074712643678676,0.005344827586206913
2627.3672055427255,0.0038074712643678676,0.005344827586206913
2631.8706697459584,0.0038074712643678676,0.005344827586206913
2636.3741339491917,0.0038074712643678676,0.005344827586206913
2640.8775981524245,0.0038074712643678676,0.005344827586206913
2645.3810623556583,0.0038074712643678676,0.005344827586206913
2649.8845265588916,0.0038074712643678676,0.005344827586206913
2654.3879907621244,0.0038074712643678676,0.005344827586206913
2658.8914549653578,0.0038074712643678676,0.005344827586206913
2663.3949191685915,0.0038074712643678676,0.005344827586206913
2667.8983833718244,0.0038074712643678676,0.005344827586206913
2672.4018475750577,0.0038074712643678676,0.005344827586206913
2676.905311778291,0.0038074712643678676,0.005344827586206913
2681.4087759815243,0.0038074712643678676,0.005344827586206913
2685.9122401847576,0.0038074712643678676,0.005344827586206913
2690.415704387991,0.0038074712643678676,0.005344827586206913
2694.9191685912238,0.0038074712643678676,0.005344827586206913
2699.4226327944575,0.0038074712643678676,0.005344827586206913
2703.926096997691,0.0038074712643678676,0.005344827586206913
2708.4295612009237,0.0038074712643678676,0.005344827586206913
2712.933025404157,0.0038074712643678676,0.005344827586206913
2717.4364896073903,0.0038074712643678676,0.005344827586206913
2721.9399538106236,0.0038074712643678676,0.005344827586206913
2726.443418013857,0.0038074712643678676,0.005344827586206913
2730.9468822170898,0.0038074712643678676,0.006882183908045958
2735.4503464203235,0.006882183908045958,0.009956896551724048
2739.953810623557,0.009956896551724048,0.011494252873563315
2744.4572748267897,0.008419540229885003,0.011494252873563315
2748.960739030023,0.006882183908045958,0.008419540229885003
2753.4642032332563,0.0038074712643678676,0.005344827586206913
2757.9676674364896,0.0038074712643678676,0.005344827586206913
2762.471131639723,0.0038074712643678676,0.005344827586206913
2766.974595842956,0.0038074712643678676,0.005344827586206913
2771.478060046189,0.0038074712643678676,0.005344827586206913
2775.981524249423,0.0038074712643678676,0.005344827586206913
2780.484988452656,0.0038074712643678676,0.005344827586206913
2784.988452655889,0.0022701149425286005,0.005344827586206913
2789.4919168591223,0.0022701149425286005,0.0038074712643678676
2793.9953810623556,0.0022701149425286005,0.0038074712643678676
2798.498845265589,0.0022701149425286005,0.0038074712643678676
2803.002309468822,0.0022701149425286005,0.0038074712643678676
2807.505773672055,0.0038074712643678676,0.005344827586206913
2812.009237875289,0.0038074712643678676,0.005344827586206913
2816.512702078522,0.0038074712643678676,0.005344827586206913
2821.016166281755,0.0038074712643678676,0.005344827586206913
2825.5196304849883,0.0038074712643678676,0.005344827586206913
2830.023094688222,0.0038074712643678676,0.005344827586206913
2834.526558891455,0.0038074712643678676,0.005344827586206913
2839.030023094688,0.0038074712643678676,0.005344827586206913
2843.5334872979215,0.005344827586206913,0.008419540229885003
2848.036951501155,0.008419540229885003,0.011494252873563315
2852.540415704388,0.011494252873563315,0.017643678160919496
2857.0438799076214,0.017643678160919496,0.0237931034482759
2861.5473441108543,0.0237931034482759,0.034554597701149325
2866.050808314088,0.034554597701149325,0.04224137931034477
2870.554272517321,0.04224137931034477,0.04685344827586213
2875.057736720554,0.04685344827586213,0.04992816091954011
2879.5612009237875,0.048390804597701065,0.051465517241379266
2884.064665127021,0.048390804597701065,0.051465517241379266
2888.568129330254,0.04377873563218393,0.048390804597701065
2893.0715935334874,0.03916666666666668,0.04377873563218393
2897.5750577367203,0.03609195402298848,0.03916666666666668
2902.0785219399536,0.03301724137931028,0.03609195402298848
2906.5819861431874,0.03301724137931028,0.03609195402298848
2911.08545034642,0.03609195402298848,0.04224137931034477
2915.5889145496535,0.04224137931034477,0.05607758620689651
2920.092378752887,0.05607758620689651,0.07760057471264359
2924.59584295612,0.07760057471264359,0.09912356321839078
2929.0993071593534,0.09912356321839078,0.10834770114942527
2933.6027713625867,0.09451149425287353,0.10681034482758622
2938.1062355658196,0.08067528735632179,0.09451149425287353
2942.6096997690533,0.0714511494252873,0.08067528735632179
2947.113163972286,0.06683908045977016,0.0714511494252873
2951.6166281755195,0.06683908045977016,0.0683764367816091
2956.120092378753,0.06683908045977016,0.0683764367816091
2960.623556581986,0.06683908045977016,0.0683764367816091
2965.1270207852194,0.06376436781609196,0.06683908045977016
2969.6304849884527,0.059152298850574714,0.06376436781609196
2974.1339491916856,0.05454022988505747,0.059152298850574714
2978.6374133949193,0.051465517241379266,0.05454022988505747
2983.1408775981527,0.05300287356321831,0.05454022988505747
2987.6443418013855,0.05454022988505747,0.05607758620689651
2992.147806004619,0.05300287356321831,0.05607758620689651
2996.6512702078526,0.04992816091954011,0.05300287356321831
3001.1547344110854,0.048390804597701065,0.04992816091954011
3005.6581986143187,0.048390804597701065,0.05300287356321831
3010.161662817552,0.05300287356321831,0.059152298850574714
3014.6651270207853,0.059152298850574714,0.065301724137931
3019.1685912240187,0.065301724137931,0.07298850574712634
3023.6720554272515,0.07298850574712634,0.09143678160919533
3028.175519630485,0.09143678160919533,0.12987068965517246
3032.6789838337186,0.12987068965517246,0.1852155172413793
3037.1824480369514,0.1852155172413793,0.20673850574712638
3041.6859122401847,0.17291666666666672,0.20520114942528733
3046.189376443418,0.1252586206896552,0.17291666666666672
3050.6928406466513,0.09297413793103437,0.1252586206896552
3055.1963048498847,0.08067528735632179,0.09297413793103437
3059.699769053118,0.07760057471264359,0.08067528735632179
3064.203233256351,0.07913793103448274,0.08528735632183904
3068.706697459584,0.08528735632183904,0.09143678160919533
3073.210161662818,0.09143678160919533,0.09604885057471257
3077.7136258660507,0.07913793103448274,0.09143678160919533
3082.217090069284,0.06068965517241376,0.07913793103448274
3086.7205542725173,0.051465517241379266,0.06068965517241376
3091.2240184757507,0.051465517241379266,0.059152298850574714
3095.727482678984,0.059152298850574714,0.07760057471264359
3100.230946882217,0.062227011494252915,0.07606321839080454
3104.73441108545,0.034554597701149325,0.062227011494252915
3109.237875288684,0.025330459770114833,0.034554597701149325
3113.7413394919167,0.0237931034482759,0.025330459770114833
3118.24480369515,0.022255747126436742,0.02686781609195399
3122.7482678983833,0.01610632183908045,0.022255747126436742
3127.2517321016167,0.011494252873563315,0.01610632183908045
3131.75519630485,0.008419540229885003,0.011494252873563315
3136.2586605080833,0.005344827586206913,0.008419540229885003
3140.762124711316,0.005344827586206913,0.006882183908045958
3145.26558891455,0.0038074712643678676,0.005344827586206913
3149.769053117783,0.0038074712643678676,0.005344827586206913
3154.272517321016,0.0038074712643678676,0.005344827586206913
3158.7759815242493,0.0038074712643678676,0.005344827586206913
3163.2794457274827,0.0038074712643678676,0.005344827586206913
3167.782909930716,0.0038074712643678676,0.005344827586206913
3172.2863741339493,0.0038074712643678676,0.005344827586206913
3176.789838337182,0.0038074712643678676,0.005344827586206913
3181.293302540416,0.0038074712643678676,0.005344827586206913
3185.796766743649,0.0038074712643678676,0.005344827586206913
3190.300230946882,0.0038074712643678676,0.005344827586206913
3199.3071593533487,0.0038074712643678676,0.005344827586206913
3203.810623556582,0.0038074712643678676,0.005344827586206913
3208.3140877598153,0.0038074712643678676,0.005344827586206913
3212.8175519630486,0.0038074712643678676,0.005344827586206913
3217.3210161662814,0.0038074712643678676,0.005344827586206913
3221.824480369515,0.0038074712643678676,0.005344827586206913
3226.3279445727485,0.0038074712643678676,0.005344827586206913
3230.8314087759813,0.0038074712643678676,0.005344827586206913
3235.3348729792147,0.0038074712643678676,0.005344827586206913
3239.838337182448,0.0038074712643678676,0.005344827586206913
3244.3418013856813,0.0038074712643678676,0.005344827586206913
3248.8452655889146,0.0038074712643678676,0.005344827586206913
3253.3487297921474,0.0038074712643678676,0.005344827586206913
3257.852193995381,0.0038074712643678676,0.005344827586206913
3262.3556581986145,0.0038074712643678676,0.005344827586206913
3271.3625866050807,0.0038074712643678676,0.005344827586206913
3275.8660508083144,0.0022701149425286005,0.0038074712643678676
3280.3695150115473,0.0022701149425286005,0.0038074712643678676
3289.376443418014,0.0038074712643678676,0.005344827586206913
3293.879907621247,0.0038074712643678676,0.005344827586206913
3298.3833718244805,0.0038074712643678676,0.005344827586206913
3302.886836027714,0.0038074712643678676,0.005344827586206913
3307.3903002309467,0.0038074712643678676,0.005344827586206913
3311.8937644341804,0.0038074712643678676,0.005344827586206913
3316.3972286374133,0.0038074712643678676,0.005344827586206913
3320.9006928406466,0.0038074712643678676,0.005344827586206913
3325.40415704388,0.0038074712643678676,0.005344827586206913
3329.907621247113,0.0038074712643678676,0.005344827586206913
3334.4110854503465,0.0038074712643678676,0.005344827586206913
3338.91454965358,0.0038074712643678676,0.005344827586206913
3343.4180138568126,0.0038074712643678676,0.005344827586206913
3347.9214780600464,0.0038074712643678676,0.005344827586206913
3352.4249422632797,0.0022701149425286005,0.0038074712643678676
3356.9284064665126,0.0022701149425286005,0.0038074712643678676
3361.431870669746,0.0038074712643678676,0.005344827586206913
3365.935334872979,0.0038074712643678676,0.005344827586206913
3370.4387990762125,0.0038074712643678676,0.005344827586206913
3374.942263279446,0.0038074712643678676,0.005344827586206913
3379.445727482679,0.0038074712643678676,0.005344827586206913
3383.949191685912,0.0038074712643678676,0.005344827586206913
3388.4526558891457,0.0038074712643678676,0.005344827586206913
3392.9561200923786,0.0038074712643678676,0.005344827586206913
3397.459584295612,0.0038074712643678676,0.005344827586206913
3401.963048498845,0.0038074712643678676,0.005344827586206913
3406.4665127020785,0.0038074712643678676,0.005344827586206913
3410.969976905312,0.0038074712643678676,0.005344827586206913
3415.473441108545,0.0022701149425286005,0.005344827586206913
3419.976905311778,0.0038074712643678676,0.005344827586206913
3424.4803695150117,0.0038074712643678676,0.005344827586206913
3428.983833718245,0.0038074712643678676,0.005344827586206913
3433.487297921478,0.0038074712643678676,0.005344827586206913
3437.990762124711,0.0038074712643678676,0.005344827586206913
3442.494226327945,0.0038074712643678676,0.005344827586206913
3446.997690531178,0.0038074712643678676,0.005344827586206913
3451.501154734411,0.0038074712643678676,0.005344827586206913
3456.0046189376444,0.0038074712643678676,0.006882183908045958
3460.5080831408777,0.005344827586206913,0.006882183908045958
3465.011547344111,0.0038074712643678676,0.005344827586206913
3469.515011547344,0.0038074712643678676,0.005344827586206913
3474.018475750577,0.0038074712643678676,0.005344827586206913
3478.521939953811,0.0038074712643678676,0.005344827586206913
3483.025404157044,0.0038074712643678676,0.005344827586206913
3487.528868360277,0.0038074712643678676,0.005344827586206913
3492.0323325635104,0.0038074712643678676,0.005344827586206913
3496.5357967667437,0.0038074712643678676,0.005344827586206913
3501.039260969977,0.0038074712643678676,0.005344827586206913
3505.5427251732103,0.0038074712643678676,0.005344827586206913
3510.046189376443,0.0038074712643678676,0.006882183908045958
3514.5496535796765,0.0038074712643678676,0.005344827586206913
3519.0531177829102,0.0038074712643678676,0.005344827586206913
3523.556581986143,0.0038074712643678676,0.005344827586206913
3528.0600461893764,0.0038074712643678676,0.005344827586206913
3532.5635103926097,0.0038074712643678676,0.005344827586206913
3537.066974595843,0.0038074712643678676,0.005344827586206913
3541.5704387990763,0.0038074712643678676,0.005344827586206913
3546.073903002309,0.0038074712643678676,0.005344827586206913
3550.5773672055425,0.0038074712643678676,0.005344827586206913
3555.0808314087762,0.0038074712643678676,0.005344827586206913
3559.584295612009,0.0038074712643678676,0.005344827586206913
3564.0877598152424,0.0038074712643678676,0.005344827586206913
3568.5912240184757,0.0038074712643678676,0.005344827586206913
3573.094688221709,0.0038074712643678676,0.005344827586206913
3577.5981524249423,0.0038074712643678676,0.005344827586206913
3582.1016166281756,0.0038074712643678676,0.005344827586206913
3586.6050808314085,0.0038074712643678676,0.005344827586206913
3591.1085450346422,0.0022701149425286005,0.005344827586206913
3595.6120092378756,0.0038074712643678676,0.005344827586206913
3600.1154734411084,0.0038074712643678676,0.005344827586206913
3604.6189376443417,0.0038074712643678676,0.005344827586206913
3609.1224018475755,0.0038074712643678676,0.005344827586206913
3613.6258660508083,0.0022701149425286005,0.005344827586206913
3618.1293302540416,0.0022701149425286005,0.0038074712643678676
3622.6327944572745,0.0022701149425286005,0.0038074712643678676
3627.1362586605082,0.0038074712643678676,0.005344827586206913
3631.6397228637416,0.0038074712643678676,0.005344827586206913
3636.1431870669744,0.0038074712643678676,0.005344827586206913
3640.6466512702077,0.0038074712643678676,0.005344827586206913
3645.150115473441,0.0022701149425286005,0.0038074712643678676
3649.6535796766743,0.0022701149425286005,0.0038074712643678676
3654.1570438799076,0.0038074712643678676,0.005344827586206913
3658.660508083141,0.0038074712643678676,0.005344827586206913
3663.163972286374,0.0038074712643678676,0.005344827586206913
3667.6674364896076,0.0038074712643678676,0.005344827586206913
3672.170900692841,0.0038074712643678676,0.005344827586206913
3676.6743648960737,0.0038074712643678676,0.005344827586206913
3681.177829099307,0.0038074712643678676,0.005344827586206913
3685.681293302541,0.0038074712643678676,0.005344827586206913
3690.1847575057736,0.0038074712643678676,0.005344827586206913
3694.688221709007,0.0038074712643678676,0.005344827586206913
3699.19168591224,0.0038074712643678676,0.005344827586206913
3703.6951501154736,0.0038074712643678676,0.005344827586206913
3708.198614318707,0.0038074712643678676,0.005344827586206913
3712.7020785219397,0.0038074712643678676,0.005344827586206913
3717.205542725173,0.0038074712643678676,0.005344827586206913
3721.709006928407,0.0038074712643678676,0.005344827586206913
3726.2124711316396,0.0038074712643678676,0.005344827586206913
3730.715935334873,0.0038074712643678676,0.005344827586206913
3735.2193995381062,0.0038074712643678676,0.005344827586206913
3739.7228637413396,0.0038074712643678676,0.005344827586206913
3744.226327944573,0.0038074712643678676,0.005344827586206913
3748.729792147806,0.0038074712643678676,0.005344827586206913
3753.233256351039,0.0038074712643678676,0.005344827586206913
3757.736720554273,0.0038074712643678676,0.005344827586206913
3762.240184757506,0.0038074712643678676,0.005344827586206913
3766.743648960739,0.0038074712643678676,0.005344827586206913
3771.2471131639722,0.0038074712643678676,0.005344827586206913
3775.7505773672056,0.0038074712643678676,0.005344827586206913
3780.254041570439,0.0038074712643678676,0.005344827586206913
3784.757505773672,0.0038074712643678676,0.005344827586206913
3789.260969976905,0.0038074712643678676,0.005344827586206913
3793.764434180139,0.0038074712643678676,0.005344827586206913
3798.267898383372,0.0038074712643678676,0.005344827586206913
3802.771362586605,0.0038074712643678676,0.005344827586206913
3807.2748267898382,0.0038074712643678676,0.005344827586206913
3811.7782909930716,0.0038074712643678676,0.005344827586206913
3816.281755196305,0.0038074712643678676,0.005344827586206913
3820.785219399538,0.0038074712643678676,0.005344827586206913
3825.2886836027715,0.0038074712643678676,0.005344827586206913
3829.7921478060043,0.0038074712643678676,0.005344827586206913
3834.295612009238,0.0038074712643678676,0.005344827586206913
3838.799076212471,0.0038074712643678676,0.005344827586206913
3843.3025404157042,0.0022701149425286005,0.005344827586206913
3847.8060046189375,0.0022701149425286005,0.0038074712643678676
3852.309468822171,0.0038074712643678676,0.005344827586206913
3856.812933025404,0.0038074712643678676,0.005344827586206913
3865.8198614318703,0.0038074712643678676,0.005344827586206913
3870.323325635104,0.0038074712643678676,0.005344827586206913
3874.8267898383374,0.0038074712643678676,0.005344827586206913
3879.3302540415702,0.0038074712643678676,0.005344827586206913
3883.8337182448035,0.0038074712643678676,0.005344827586206913
3888.3371824480373,0.0038074712643678676,0.005344827586206913
3892.84064665127,0.0038074712643678676,0.005344827586206913
3897.3441108545035,0.0038074712643678676,0.005344827586206913
3901.847575057737,0.0038074712643678676,0.005344827586206913
3906.35103926097,0.0038074712643678676,0.005344827586206913
3910.8545034642034,0.0038074712643678676,0.005344827586206913
3915.3579676674362,0.0038074712643678676,0.005344827586206913
3919.8614318706695,0.0038074712643678676,0.005344827586206913
3924.3648960739033,0.0038074712643678676,0.005344827586206913
3928.868360277136,0.0038074712643678676,0.005344827586206913
3933.3718244803695,0.0038074712643678676,0.005344827586206913
3937.875288683603,0.0038074712643678676,0.005344827586206913
3942.378752886836,0.0038074712643678676,0.005344827586206913
3946.8822170900694,0.0038074712643678676,0.005344827586206913
3951.3856812933027,0.0038074712643678676,0.005344827586206913
3955.8891454965355,0.0038074712643678676,0.005344827586206913
3960.392609699769,0.0038074712643678676,0.005344827586206913
3964.8960739030026,0.0038074712643678676,0.005344827586206913
3969.3995381062355,0.0038074712643678676,0.006882183908045958
3973.903002309469,0.0022701149425286005,0.005344827586206913
3978.406466512702,0.0038074712643678676,0.005344827586206913
3982.9099307159354,0.0038074712643678676,0.005344827586206913
3987.4133949191687,0.0038074712643678676,0.005344827586206913
3991.9168591224015,0.0038074712643678676,0.005344827586206913
3996.420323325635,0.0038074712643678676,0.005344827586206913
4000.9237875288686,0.0038074712643678676,0.005344827586206913
4005.4272517321015,0.0038074712643678676,0.005344827586206913
4009.930715935335,0.0038074712643678676,0.005344827586206913
4014.434180138568,0.0038074712643678676,0.005344827586206913
4018.9376443418014,0.0038074712643678676,0.006882183908045958
