380.1385681293302,0.0007327586206895553,0.031479885057471235
384.64203233256353,0.028405172413793034,0.03609195402298848
389.1454965357968,0.03301724137931028,0.04685344827586213
393.64896073903003,0.03301724137931028,0.06376436781609196
398.1524249422633,0.05300287356321831,0.0683764367816091
402.65588914549653,0.051465517241379266,0.05761494252873556
407.1593533487298,0.03916666666666668,0.05607758620689651
411.66281755196303,0.02994252873563208,0.04224137931034477
416.16628175519634,0.025330459770114833,0.02994252873563208
420.66974595842953,0.02686781609195399,0.02994252873563208
425.17321016166284,0.0237931034482759,0.028405172413793034
429.6766743648961,0.028405172413793034,0.03762931034482753
434.18013856812934,0.03762931034482753,0.05761494252873556
438.6836027713626,0.05761494252873556,0.06991379310344814
443.18706697459584,0.062227011494252915,0.06991379310344814
447.69053117782914,0.048390804597701065,0.06068965517241376
452.19399538106234,0.045316091954022975,0.048390804597701065
456.69745958429564,0.04224137931034477,0.045316091954022975
461.2009237875289,0.04070402298850573,0.045316091954022975
465.7043879907621,0.03301724137931028,0.04224137931034477
470.20785219399534,0.01303160919540236,0.03301724137931028
474.71131639722864,0.0038074712643678676,0.01303160919540236
479.2147806004619,-0.0008045977011494898,0.0038074712643678676
483.71824480369514,0.0007327586206895553,0.0022701149425286005
488.2217090069284,0.0007327586206895553,0.0038074712643678676
492.72517321016164,0.0038074712643678676,0.006882183908045958
497.2286374133949,0.006882183908045958,0.008419540229885003
501.7321016166282,0.006882183908045958,0.011494252873563315
506.23556581986145,0.011494252873563315,0.014568965517241184
510.7390300230947,0.01303160919540236,0.017643678160919496
515.242494226328,0.01610632183908045,0.01918103448275854
519.7459584295611,0.01918103448275854,0.022255747126436742
524.2494226327944,0.022255747126436742,0.02686781609195399
528.7528868360278,0.02686781609195399,0.028405172413793034
533.2563510392611,0.028405172413793034,0.034554597701149325
537.7598152424941,0.034554597701149325,0.03762931034482753
542.2632794457274,0.03762931034482753,0.04377873563218393
546.7667436489608,0.04377873563218393,0.04685344827586213
551.2702078521941,0.04685344827586213,0.05300287356321831
555.7736720554273,0.05300287356321831,0.06068965517241376
560.2771362586604,0.06068965517241376,0.07298850574712634
564.7806004618938,0.07298850574712634,0.09604885057471257
569.2840646651271,0.09604885057471257,0.15908045977011487
573.7875288683603,0.15908045977011487,0.24978448275862064
578.2909930715936,0.19751436781609188,0.2543965517241379
582.7944572748268,0.12679597701149425,0.19751436781609188
587.2979214780601,0.10066091954022982,0.12679597701149425
591.8013856812934,0.09297413793103437,0.10066091954022982
596.3048498845266,0.08836206896551724,0.09297413793103437
600.8083140877598,0.08682471264367819,0.08989942528735628
605.3117782909931,0.08989942528735628,0.09297413793103437
609.8152424942264,0.08989942528735628,0.09297413793103437
614.3187066974596,0.09143678160919533,0.09297413793103437
618.8221709006928,0.09297413793103437,0.09451149425287353
623.3256351039261,0.09451149425287353,0.09758620689655173
627.8290993071594,0.09758620689655173,0.09912356321839078
632.3325635103927,0.09758620689655173,0.09912356321839078
636.8360277136259,0.09912356321839078,0.10066091954022982
641.3394919168591,0.10066091954022982,0.10527298850574707
645.8429561200924,0.10373563218390802,0.10834770114942527
650.3464203233257,0.10834770114942527,0.1191091954022988
654.8498845265589,0.1191091954022988,0.13602011494252864
659.3533487297922,0.13602011494252864,0.14216954022988504
663.8568129330254,0.14063218390804588,0.14678160919540229
668.3602771362587,0.14678160919540229,0.20366379310344818
672.863741339492,0.20366379310344818,0.4342672413793103
677.3672055427252,0.4342672413793103,0.9769540229885058
681.8706697459585,0.7632614942528735,1.001551724137931
686.3741339491917,0.3650862068965518,0.7632614942528735
690.877598152425,0.20058908045977009,0.3650862068965518
695.3810623556583,0.16522988505747127,0.20058908045977009
699.8845265588914,0.16522988505747127,0.1821408045977011
704.3879907621247,0.1821408045977011,0.25285919540229884
708.891454965358,0.25285919540229884,0.43272988505747123
713.3949191685913,0.43272988505747123,0.6525718390804598
717.8983833718245,0.6525718390804598,0.7048419540229884
722.4018475750578,0.6202873563218391,0.6940804597701149
726.905311778291,0.5726293103448277,0.6202873563218391
731.4087759815242,0.5403448275862068,0.5726293103448277
735.9122401847575,0.39890804597701146,0.5403448275862068
740.4157043879907,0.21135057471264362,0.39890804597701146
744.919168591224,0.11142241379310336,0.21135057471264362
749.4226327944573,0.0745258620689655,0.11142241379310336
753.9260969976905,0.05454022988505747,0.0745258620689655
758.4295612009238,0.04377873563218393,0.05454022988505747
762.933025404157,0.03762931034482753,0.04377873563218393
767.4364896073903,0.034554597701149325,0.03762931034482753
771.9399538106235,0.03301724137931028,0.03609195402298848
776.4434180138568,0.03609195402298848,0.04377873563218393
780.9468822170901,0.04377873563218393,0.05454022988505747
785.4503464203233,0.05454022988505747,0.062227011494252915
789.9538106235566,0.062227011494252915,0.06376436781609196
794.4572748267898,0.06068965517241376,0.062227011494252915
798.9607390300231,0.062227011494252915,0.0683764367816091
803.4642032332564,0.051465517241379266,0.0683764367816091
807.9676674364896,0.02994252873563208,0.051465517241379266
812.4711316397229,0.017643678160919496,0.02994252873563208
816.9745958429561,0.01303160919540236,0.017643678160919496
821.4780600461894,0.011494252873563315,0.01303160919540236
825.9815242494227,0.01303160919540236,0.017643678160919496
830.4849884526559,0.017643678160919496,0.01918103448275854
834.9884526558892,0.01303160919540236,0.017643678160919496
839.4919168591224,0.005344827586206913,0.01303160919540236
843.9953810623557,0.0022701149425286005,0.005344827586206913
848.4988452655889,0.0007327586206895553,0.0038074712643678676
853.0023094688222,0.0007327586206895553,0.0022701149425286005
857.5057736720555,-0.0008045977011494898,0.0007327586206895553
862.0092378752887,-0.0008045977011494898,0.0007327586206895553
866.512702078522,-0.002341954022988535,0.0007327586206895553
871.0161662817552,0.0007327586206895553,0.0022701149425286005
875.5196304849884,0.0022701149425286005,0.006882183908045958
880.0230946882217,0.006882183908045958,0.01918103448275854
884.5265588914549,0.01918103448275854,0.034554597701149325
889.0300230946882,0.034554597701149325,0.04992816091954011
893.5334872979214,0.04992816091954011,0.065301724137931
898.0369515011547,0.06376436781609196,0.0683764367816091
902.540415704388,0.03916666666666668,0.06376436781609196
907.0438799076212,0.01610632183908045,0.03916666666666668
911.5473441108545,0.005344827586206913,0.01610632183908045
916.0508083140877,0.0007327586206895553,0.005344827586206913
920.554272517321,0.0007327586206895553,0.0022701149425286005
925.0577367205542,0.0007327586206895553,0.0022701149425286005
929.5612009237875,0.0022701149425286005,0.008419540229885003
934.0646651270208,0.008419540229885003,0.017643678160919496
938.568129330254,0.017643678160919496,0.03301724137931028
943.0715935334873,0.03301724137931028,0.048390804597701065
947.5750577367205,0.048390804597701065,0.06376436781609196
952.0785219399538,0.06376436781609196,0.07913793103448274
956.5819861431871,0.07913793103448274,0.09451149425287353
961.0854503464203,0.09451149425287353,0.11757183908045976
965.5889145496536,0.11757183908045976,0.15908045977011487
970.0923787528868,0.15908045977011487,0.20058908045977009
974.5958429561201,0.20058908045977009,0.239022988505747
979.0993071593533,0.239022988505747,0.29129310344827586
983.6027713625866,0.29129310344827586,0.371235632183908
988.1062355658199,0.371235632183908,0.47423850574712634
992.6096997690531,0.47423850574712634,0.5649425287356322
997.1131639722864,0.5649425287356322,0.6218247126436782
1001.6166281755196,0.6218247126436782,0.6356609195402299
1006.1200923787529,0.6356609195402299,0.638735632183908
1010.6235565819862,0.5664798850574713,0.6402729885057471
1015.1270207852194,0.4035201149425287,0.5664798850574713
1019.6304849884527,0.40505747126436786,0.45579022988505746
1024.133949191686,0.45579022988505746,0.4634770114942529
1028.6374133949191,0.4219683908045977,0.45886494252873555
1033.1408775981524,0.33280172413793097,0.4219683908045977
1037.6443418013855,0.22211206896551716,0.33280172413793097
1042.1478060046188,0.1314080459770115,0.22211206896551716
1046.6512702078521,0.08374999999999999,0.1314080459770115
1051.1547344110854,0.062227011494252915,0.08374999999999999
1055.6581986143187,0.059152298850574714,0.062227011494252915
1060.161662817552,0.062227011494252915,0.09297413793103437
1064.6651270207853,0.09297413793103437,0.15139367816091953
1069.1685912240184,0.09912356321839078,0.1529310344827587
1073.6720554272517,0.04224137931034477,0.09912356321839078
1078.1755196304848,0.020718390804597697,0.04224137931034477
1082.6789838337181,0.014568965517241184,0.020718390804597697
1087.1824480369514,0.011494252873563315,0.014568965517241184
1091.6859122401847,0.011494252873563315,0.01303160919540236
1096.189376443418,0.009956896551724048,0.01303160919540236
1100.6928406466513,0.0038074712643678676,0.009956896551724048
1105.1963048498847,0.0007327586206895553,0.0038074712643678676
1109.6997690531177,0.0007327586206895553,0.0022701149425286005
1114.203233256351,0.0007327586206895553,0.0022701149425286005
1118.7066974595843,0.0007327586206895553,0.0022701149425286005
1123.2101616628174,0.0007327586206895553,0.0022701149425286005
1127.7136258660507,0.0022701149425286005,0.0038074712643678676
1132.217090069284,0.0022701149425286005,0.005344827586206913
1136.7205542725173,0.005344827586206913,0.011494252873563315
1141.2240184757507,0.011494252873563315,0.0237931034482759
1145.727482678984,0.0237931034482759,0.028405172413793034
1150.2309468822173,0.01918103448275854,0.0237931034482759
1154.7344110854503,0.01918103448275854,0.0237931034482759
1159.2378752886837,0.0237931034482759,0.03609195402298848
1163.741339491917,0.03609195402298848,0.04685344827586213
1168.24480369515,0.04685344827586213,0.05300287356321831
1172.7482678983833,0.05300287356321831,0.065301724137931
1177.2517321016167,0.065301724137931,0.09143678160919533
1181.75519630485,0.09143678160919533,0.1283333333333333
1186.258660508083,0.1283333333333333,0.16984195402298852
1190.7621247113166,0.16984195402298852,0.21750000000000003
1195.2655889145497,0.21750000000000003,0.2620833333333332
1199.7690531177827,0.21135057471264362,0.2651580459770114
1204.272517321016,0.1252586206896552,0.21135057471264362
1208.7759815242493,0.09143678160919533,0.1252586206896552
1213.2794457274827,0.07760057471264359,0.09143678160919533
1217.782909930716,0.065301724137931,0.07760057471264359
1222.2863741339493,0.05454022988505747,0.065301724137931
1226.7898383371826,0.04377873563218393,0.05454022988505747
1231.2933025404157,0.03609195402298848,0.04377873563218393
1235.796766743649,0.031479885057471235,0.03609195402298848
1240.3002309468823,0.028405172413793034,0.031479885057471235
1244.8036951501156,0.02994252873563208,0.031479885057471235
1249.3071593533487,0.02994252873563208,0.03301724137931028
1253.810623556582,0.03301724137931028,0.03609195402298848
1258.3140877598153,0.03609195402298848,0.04224137931034477
1262.8175519630483,0.04224137931034477,0.045316091954022975
1267.3210161662819,0.045316091954022975,0.04992816091954011
1271.824480369515,0.048390804597701065,0.04992816091954011
1276.3279445727483,0.04992816091954011,0.05300287356321831
1280.8314087759813,0.05300287356321831,0.059152298850574714
1285.3348729792149,0.059152298850574714,0.065301724137931
1289.838337182448,0.065301724137931,0.0714511494252873
1294.3418013856813,0.06991379310344814,0.07298850574712634
1298.8452655889146,0.06376436781609196,0.06991379310344814
1303.3487297921479,0.059152298850574714,0.06376436781609196
1307.852193995381,0.059152298850574714,0.06068965517241376
1312.3556581986143,0.06068965517241376,0.06683908045977016
1316.8591224018476,0.06683908045977016,0.0745258620689655
1321.3625866050809,0.0745258620689655,0.07913793103448274
1325.866050808314,0.07606321839080454,0.07913793103448274
1330.3695150115475,0.0745258620689655,0.07606321839080454
1334.8729792147806,0.07298850574712634,0.0745258620689655
1339.3764434180139,0.07298850574712634,0.0745258620689655
1343.879907621247,0.0745258620689655,0.07913793103448274
1348.3833718244805,0.07913793103448274,0.09451149425287353
1352.8868360277136,0.09451149425287353,0.12064655172413785
1357.3903002309469,0.12064655172413785,0.14524425287356324
1361.8937644341802,0.14063218390804588,0.14678160919540229
1366.3972286374135,0.12987068965517246,0.14063218390804588
1370.9006928406466,0.12679597701149425,0.12987068965517246
1375.40415704388,0.12987068965517246,0.13294540229885055
1379.9076212471132,0.13294540229885055,0.1344827586206896
1384.4110854503465,0.12987068965517246,0.13294540229885055
1388.9145496535796,0.1283333333333333,0.1314080459770115
1393.418013856813,0.1314080459770115,0.1375574712643678
1397.9214780600462,0.1375574712643678,0.14524425287356324
1402.4249422632795,0.14524425287356324,0.15139367816091953
1406.9284064665128,0.15139367816091953,0.15600574712643667
1411.4318706697459,0.15600574712643667,0.15908045977011487
1415.9353348729792,0.15908045977011487,0.16061781609195402
1420.4387990762123,0.15908045977011487,0.16215517241379307
1424.9422632794458,0.16061781609195402,0.16369252873563211
1429.4457274826789,0.16369252873563211,0.16676724137931032
1433.9491916859122,0.16676724137931032,0.1882902298850575
1438.4526558891455,0.1882902298850575,0.2605459770114942
1442.9561200923788,0.2605459770114942,0.5526436781609195
1447.4595842956119,0.34510057471264366,0.5864655172413793
1451.9630484988454,0.18982758620689655,0.34510057471264366
1456.4665127020785,0.14524425287356324,0.18982758620689655
1460.9699769053118,0.1129597701149424,0.14524425287356324
1465.4734411085449,0.08836206896551724,0.1129597701149424
1469.9769053117784,0.0714511494252873,0.08836206896551724
1474.4803695150115,0.06376436781609196,0.0714511494252873
1478.9838337182448,0.06376436781609196,0.07606321839080454
1483.487297921478,0.07606321839080454,0.14524425287356324
1487.9907621247114,0.14524425287356324,0.3251149425287355
1492.4942263279445,0.0745258620689655,0.29744252873563215
1496.9976905311778,0.03301724137931028,0.0745258620689655
1501.501154734411,0.022255747126436742,0.03301724137931028
1506.0046189376444,0.01610632183908045,0.022255747126436742
1510.5080831408775,0.011494252873563315,0.01610632183908045
1515.011547344111,0.009956896551724048,0.01303160919540236
1519.515011547344,0.006882183908045958,0.009956896551724048
1524.0184757505774,0.006882183908045958,0.008419540229885003
1528.5219399538107,0.006882183908045958,0.008419540229885003
1533.025404157044,0.008419540229885003,0.009956896551724048
1537.528868360277,0.008419540229885003,0.011494252873563315
1542.0323325635104,0.008419540229885003,0.009956896551724048
1546.5357967667437,0.005344827586206913,0.008419540229885003
1551.0392609699768,0.0038074712643678676,0.005344827586206913
1555.54272517321,0.0038074712643678676,0.006882183908045958
1560.0461893764434,0.005344827586206913,0.006882183908045958
1564.5496535796767,0.005344827586206913,0.008419540229885003
1569.0531177829098,0.008419540229885003,0.011494252873563315
1573.556581986143,0.011494252873563315,0.01610632183908045
1578.0600461893764,0.01610632183908045,0.02686781609195399
1582.5635103926097,0.022255747126436742,0.02686781609195399
1587.0669745958428,0.022255747126436742,0.0237931034482759
1591.5704387990763,0.022255747126436742,0.0237931034482759
1596.0739030023094,0.0237931034482759,0.02994252873563208
1600.5773672055427,0.02994252873563208,0.03762931034482753
1605.080831408776,0.01610632183908045,0.034554597701149325
1609.5842956120093,0.008419540229885003,0.01610632183908045
1614.0877598152424,0.006882183908045958,0.008419540229885003
1618.5912240184757,0.005344827586206913,0.008419540229885003
1623.094688221709,0.0038074712643678676,0.005344827586206913
1627.5981524249423,0.0038074712643678676,0.005344827586206913
1632.1016166281754,0.0038074712643678676,0.005344827586206913
1636.605080831409,0.0022701149425286005,0.0038074712643678676
1641.108545034642,0.0038074712643678676,0.005344827586206913
1645.6120092378753,0.0022701149425286005,0.0038074712643678676
1650.1154734411084,0.0022701149425286005,0.0038074712643678676
1654.618937644342,0.0022701149425286005,0.0038074712643678676
1659.122401847575,0.0022701149425286005,0.0038074712643678676
1663.6258660508083,0.0022701149425286005,0.0038074712643678676
1668.1293302540416,0.0007327586206895553,0.0022701149425286005
1672.632794457275,0.0007327586206895553,0.0022701149425286005
1677.136258660508,0.0007327586206895553,0.0022701149425286005
1681.6397228637413,0.0007327586206895553,0.0022701149425286005
1686.1431870669746,-0.0008045977011494898,0.0007327586206895553
1690.646651270208,0.0007327586206895553,0.0022701149425286005
1695.150115473441,0.0007327586206895553,0.0022701149425286005
1699.6535796766743,0.0007327586206895553,0.0022701149425286005
1704.1570438799076,0.0007327586206895553,0.0022701149425286005
1708.6605080831407,-0.0008045977011494898,0.0007327586206895553
1713.1639722863742,-0.0008045977011494898,0.0007327586206895553
1717.6674364896073,-0.0008045977011494898,0.0007327586206895553
1722.1709006928406,-0.0008045977011494898,0.0007327586206895553
1726.6743648960737,-0.0008045977011494898,0.0007327586206895553
1731.1778290993072,0.0007327586206895553,0.0022701149425286005
1735.6812933025403,0.0007327586206895553,0.0022701149425286005
1740.1847575057736,0.0022701149425286005,0.0038074712643678676
1744.688221709007,0.0038074712643678676,0.005344827586206913
1749.1916859122402,0.0038074712643678676,0.005344827586206913
1753.6951501154733,0.0038074712643678676,0.005344827586206913
1758.1986143187066,0.0022701149425286005,0.0038074712643678676
1762.70207852194,0.0007327586206895553,0.0022701149425286005
1767.2055427251732,0.0007327586206895553,0.0022701149425286005
1771.7090069284063,0.0007327586206895553,0.0022701149425286005
1776.2124711316399,0.0007327586206895553,0.0022701149425286005
1780.715935334873,0.0007327586206895553,0.0022701149425286005
1785.2193995381062,-0.0008045977011494898,0.0007327586206895553
1789.7228637413396,0.0007327586206895553,0.0022701149425286005
1794.2263279445729,0.0022701149425286005,0.006882183908045958
1798.729792147806,0.006882183908045958,0.01303160919540236
1803.2332563510392,0.01303160919540236,0.017643678160919496
1807.7367205542726,0.017643678160919496,0.01918103448275854
1812.2401847575059,0.014568965517241184,0.017643678160919496
1816.743648960739,0.011494252873563315,0.014568965517241184
1821.2471131639725,0.008419540229885003,0.011494252873563315
1825.7505773672056,0.005344827586206913,0.008419540229885003
1830.2540415704389,0.0038074712643678676,0.005344827586206913
1834.757505773672,0.0007327586206895553,0.0038074712643678676
1839.2609699769055,0.0007327586206895553,0.0022701149425286005
1843.7644341801386,0.0007327586206895553,0.0022701149425286005
1848.2678983833719,0.0007327586206895553,0.0022701149425286005
1852.7713625866052,0.0022701149425286005,0.0038074712643678676
1857.2748267898382,0.0038074712643678676,0.008419540229885003
1861.7782909930716,0.008419540229885003,0.01303160919540236
1866.2817551963049,0.01303160919540236,0.014568965517241184
1870.7852193995382,0.014568965517241184,0.01610632183908045
1875.2886836027712,0.014568965517241184,0.01610632183908045
1879.7921478060046,0.01303160919540236,0.01610632183908045
1884.2956120092379,0.009956896551724048,0.01303160919540236
1888.7990762124712,0.008419540229885003,0.011494252873563315
1893.3025404157042,0.006882183908045958,0.008419540229885003
1897.8060046189378,0.005344827586206913,0.006882183908045958
1902.3094688221709,0.0022701149425286005,0.005344827586206913
1906.8129330254042,0.0007327586206895553,0.0022701149425286005
1911.3163972286372,0.0007327586206895553,0.0022701149425286005
1915.8198614318708,-0.0008045977011494898,0.0022701149425286005
1920.3233256351039,-0.0008045977011494898,0.0007327586206895553
1924.8267898383372,-0.0008045977011494898,0.0007327586206895553
1929.3302540415705,-0.0008045977011494898,0.0007327586206895553
1933.8337182448038,0.0007327586206895553,0.0038074712643678676
1938.3371824480369,0.0038074712643678676,0.009956896551724048
1942.8406466512704,0.009956896551724048,0.017643678160919496
1947.3441108545035,0.017643678160919496,0.022255747126436742
1951.8475750577368,0.020718390804597697,0.022255747126436742
1956.3510392609699,0.017643678160919496,0.020718390804597697
1960.8545034642034,0.01610632183908045,0.01918103448275854
1965.3579676674365,0.011494252873563315,0.01610632183908045
1969.8614318706698,0.008419540229885003,0.011494252873563315
1974.364896073903,0.006882183908045958,0.008419540229885003
1978.8683602771364,0.0038074712643678676,0.006882183908045958
1983.3718244803695,0.0038074712643678676,0.005344827586206913
1987.8752886836028,0.0022701149425286005,0.0038074712643678676
1992.378752886836,0.0007327586206895553,0.0022701149425286005
1996.8822170900694,0.0007327586206895553,0.0022701149425286005
2001.3856812933025,0.0007327586206895553,0.0022701149425286005
2005.8891454965358,0.0007327586206895553,0.0022701149425286005
2010.392609699769,0.0007327586206895553,0.0022701149425286005
2014.8960739030022,0.0007327586206895553,0.0022701149425286005
2019.3995381062355,0.0007327586206895553,0.0022701149425286005
2023.9030023094688,0.0007327586206895553,0.0022701149425286005
2028.406466512702,0.0007327586206895553,0.0022701149425286005
2032.9099307159352,0.0007327586206895553,0.0022701149425286005
2037.4133949191687,0.0007327586206895553,0.0022701149425286005
2041.9168591224018,0.0007327586206895553,0.0022701149425286005
2046.420323325635,0.0007327586206895553,0.0022701149425286005
2050.923787528868,0.0007327586206895553,0.0022701149425286005
2055.4272517321015,0.0007327586206895553,0.0022701149425286005
2059.930715935335,0.0007327586206895553,0.0022701149425286005
2064.434180138568,0.0007327586206895553,0.0022701149425286005
2068.9376443418014,0.0007327586206895553,0.0022701149425286005
2073.4411085450347,0.0007327586206895553,0.0022701149425286005
2077.944572748268,0.0007327586206895553,0.0022701149425286005
2082.4480369515013,0.0007327586206895553,0.0022701149425286005
2086.9515011547346,0.0007327586206895553,0.0022701149425286005
2091.454965357968,0.0007327586206895553,0.0022701149425286005
2095.958429561201,0.0007327586206895553,0.0022701149425286005
2100.4618937644345,0.0007327586206895553,0.0022701149425286005
2104.9653579676674,0.0007327586206895553,0.0022701149425286005
2109.4688221709007,0.0007327586206895553,0.0022701149425286005
2113.972286374134,0.0007327586206895553,0.0022701149425286005
2118.4757505773673,0.0007327586206895553,0.0022701149425286005
2122.9792147806,0.0007327586206895553,0.0022701149425286005
2127.482678983834,0.0007327586206895553,0.0022701149425286005
2131.986143187067,-0.0008045977011494898,0.0022701149425286005
2136.4896073903,-0.0008045977011494898,0.0007327586206895553
2140.9930715935334,0.0007327586206895553,0.0022701149425286005
2145.4965357967667,0.0007327586206895553,0.0022701149425286005
2150.0,0.0007327586206895553,0.0022701149425286005
2154.5034642032333,0.0007327586206895553,0.0022701149425286005
2159.0069284064666,0.0007327586206895553,0.0022701149425286005
2163.5103926097,0.0007327586206895553,0.0022701149425286005
2168.013856812933,0.0007327586206895553,0.0022701149425286005
2172.517321016166,0.0007327586206895553,0.0022701149425286005
2177.0207852194,0.0007327586206895553,0.0022701149425286005
2181.524249422633,0.0007327586206895553,0.0022701149425286005
2186.027713625866,0.0007327586206895553,0.0022701149425286005
2190.5311778290993,0.0007327586206895553,0.0022701149425286005
2195.034642032332,0.0007327586206895553,0.0022701149425286005
2199.5381062355655,0.0007327586206895553,0.0022701149425286005
2204.041570438799,0.0007327586206895553,0.0022701149425286005
2208.545034642032,0.0007327586206895553,0.0022701149425286005
2213.0484988452654,0.0007327586206895553,0.0022701149425286005
2217.5519630484987,0.0007327586206895553,0.0022701149425286005
2222.055427251732,0.0007327586206895553,0.0022701149425286005
2226.5588914549653,0.0007327586206895553,0.0022701149425286005
2231.0623556581986,0.0007327586206895553,0.0022701149425286005
2235.565819861432,0.0007327586206895553,0.0022701149425286005
2240.069284064665,0.0007327586206895553,0.0022701149425286005
2244.5727482678985,0.0007327586206895553,0.0022701149425286005
2249.0762124711314,0.0007327586206895553,0.0022701149425286005
2253.579676674365,0.0007327586206895553,0.0022701149425286005
2258.0831408775985,0.0007327586206895553,0.0022701149425286005
2262.5866050808313,0.0007327586206895553,0.0022701149425286005
2267.0900692840646,0.0007327586206895553,0.0022701149425286005
2271.593533487298,0.0007327586206895553,0.0022701149425286005
2276.096997690531,0.0007327586206895553,0.0022701149425286005
2280.6004618937645,0.0007327586206895553,0.0022701149425286005
2285.1039260969974,0.0007327586206895553,0.0022701149425286005
2289.607390300231,0.0007327586206895553,0.0022701149425286005
2294.1108545034645,0.0007327586206895553,0.0022701149425286005
2298.6143187066973,0.0007327586206895553,0.0022701149425286005
2303.1177829099306,-0.0008045977011494898,0.0007327586206895553
2307.621247113164,-0.0008045977011494898,0.0007327586206895553
2312.124711316397,0.0007327586206895553,0.0022701149425286005
2316.6281755196305,0.0007327586206895553,0.0022701149425286005
2321.131639722864,0.0007327586206895553,0.0022701149425286005
2325.6351039260967,0.0007327586206895553,0.0022701149425286005
2330.1385681293305,0.0007327586206895553,0.0022701149425286005
2334.6420323325638,0.0007327586206895553,0.0038074712643678676
2339.1454965357966,0.0007327586206895553,0.0022701149425286005
2343.64896073903,0.0007327586206895553,0.0022701149425286005
2348.152424942263,0.0007327586206895553,0.0022701149425286005
2352.6558891454965,0.0007327586206895553,0.0022701149425286005
2357.15935334873,0.0007327586206895553,0.0022701149425286005
2361.6628175519627,0.0007327586206895553,0.0022701149425286005
2366.1662817551965,0.0007327586206895553,0.0022701149425286005
2370.6697459584298,0.0007327586206895553,0.0022701149425286005
2375.1732101616626,0.0007327586206895553,0.0022701149425286005
2379.676674364896,0.0007327586206895553,0.0022701149425286005
2384.1801385681297,0.0007327586206895553,0.0022701149425286005
2388.6836027713625,0.0007327586206895553,0.0022701149425286005
2393.187066974596,-0.0008045977011494898,0.0007327586206895553
2397.690531177829,-0.0008045977011494898,0.0022701149425286005
2402.1939953810625,-0.0008045977011494898,0.0022701149425286005
2406.6974595842958,-0.0008045977011494898,0.0007327586206895553
2411.200923787529,0.0007327586206895553,0.0022701149425286005
2415.704387990762,0.0007327586206895553,0.0022701149425286005
2420.2078521939957,0.0007327586206895553,0.0022701149425286005
2424.7113163972285,0.0007327586206895553,0.0022701149425286005
2429.214780600462,0.0007327586206895553,0.0022701149425286005
2433.718244803695,0.0007327586206895553,0.0022701149425286005
2438.2217090069284,0.0007327586206895553,0.0022701149425286005
2442.7251732101618,0.0007327586206895553,0.0022701149425286005
2447.228637413395,0.0007327586206895553,0.0022701149425286005
2451.732101616628,0.0007327586206895553,0.0022701149425286005
2456.235565819861,0.0007327586206895553,0.0022701149425286005
2460.739030023095,0.0007327586206895553,0.0022701149425286005
2465.242494226328,0.0007327586206895553,0.0022701149425286005
2469.745958429561,0.0007327586206895553,0.0022701149425286005
2474.2494226327944,-0.0008045977011494898,0.0007327586206895553
2478.7528868360278,-0.0008045977011494898,0.0007327586206895553
2483.256351039261,-0.0008045977011494898,0.0007327586206895553
2487.759815242494,-0.0008045977011494898,0.0007327586206895553
2492.263279445727,-0.0008045977011494898,0.0022701149425286005
2496.766743648961,0.0007327586206895553,0.0022701149425286005
2501.270207852194,0.0007327586206895553,0.0022701149425286005
2505.773672055427,0.0007327586206895553,0.0022701149425286005
2510.2771362586604,0.0007327586206895553,0.0022701149425286005
2514.7806004618938,0.0007327586206895553,0.0022701149425286005
2519.284064665127,0.0007327586206895553,0.0022701149425286005
2523.7875288683604,0.0007327586206895553,0.0022701149425286005
2528.290993071593,0.0007327586206895553,0.0022701149425286005
2532.794457274827,0.0007327586206895553,0.0022701149425286005
2537.2979214780603,0.0007327586206895553,0.0022701149425286005
2541.801385681293,0.0007327586206895553,0.0022701149425286005
2546.3048498845264,0.0007327586206895553,0.0022701149425286005
2550.80831408776,0.0007327586206895553,0.0022701149425286005
2555.311778290993,0.0007327586206895553,0.0022701149425286005
2559.8152424942264,0.0007327586206895553,0.0022701149425286005
2564.318706697459,-0.0008045977011494898,0.0007327586206895553
2568.822170900693,-0.0008045977011494898,0.0007327586206895553
2573.3256351039263,-0.0008045977011494898,0.0007327586206895553
2577.829099307159,-0.0008045977011494898,0.0022701149425286005
2582.3325635103924,0.0007327586206895553,0.0022701149425286005
2586.836027713626,0.0007327586206895553,0.0022701149425286005
2591.339491916859,-0.0008045977011494898,0.0007327586206895553
2595.8429561200924,-0.002341954022988535,-0.0008045977011494898
2600.3464203233257,-0.002341954022988535,-0.0008045977011494898
2604.849884526559,-0.002341954022988535,-0.0008045977011494898
2609.3533487297923,-0.0008045977011494898,0.0007327586206895553
2613.8568129330256,0.0007327586206895553,0.0022701149425286005
2618.3602771362584,0.0007327586206895553,0.0022701149425286005
2622.8637413394918,0.0007327586206895553,0.0022701149425286005
2627.3672055427255,0.0007327586206895553,0.0022701149425286005
2631.8706697459584,0.0022701149425286005,0.0038074712643678676
2636.3741339491917,0.0022701149425286005,0.0038074712643678676
2640.8775981524245,0.0007327586206895553,0.0038074712643678676
2645.3810623556583,0.0007327586206895553,0.0022701149425286005
2649.8845265588916,0.0007327586206895553,0.0022701149425286005
2654.3879907621244,0.0007327586206895553,0.0022701149425286005
2658.8914549653578,-0.0008045977011494898,0.0007327586206895553
2663.3949191685915,-0.0008045977011494898,0.0007327586206895553
2667.8983833718244,0.0007327586206895553,0.0022701149425286005
2672.4018475750577,0.0007327586206895553,0.0022701149425286005
2676.905311778291,-0.0008045977011494898,0.0007327586206895553
2681.4087759815243,-0.0008045977011494898,0.0007327586206895553
2685.9122401847576,-0.0008045977011494898,0.0007327586206895553
2690.415704387991,-0.0008045977011494898,0.0007327586206895553
2694.9191685912238,0.0007327586206895553,0.0022701149425286005
2699.4226327944575,0.0007327586206895553,0.0022701149425286005
2703.926096997691,0.0007327586206895553,0.0022701149425286005
2708.4295612009237,0.0007327586206895553,0.0022701149425286005
2712.933025404157,0.0022701149425286005,0.0038074712643678676
2717.4364896073903,0.0022701149425286005,0.0038074712643678676
2721.9399538106236,0.0038074712643678676,0.005344827586206913
2726.443418013857,0.005344827586206913,0.006882183908045958
2730.9468822170898,0.0038074712643678676,0.005344827586206913
2735.4503464203235,0.0022701149425286005,0.0038074712643678676
2739.953810623557,0.0007327586206895553,0.0022701149425286005
2744.4572748267897,0.0007327586206895553,0.0022701149425286005
2748.960739030023,0.0007327586206895553,0.0022701149425286005
2753.4642032332563,-0.0008045977011494898,0.0022701149425286005
2757.9676674364896,-0.0008045977011494898,0.0007327586206895553
2762.471131639723,-0.002341954022988535,-0.0008045977011494898
2766.974595842956,-0.002341954022988535,-0.0008045977011494898
2771.478060046189,-0.0008045977011494898,0.0007327586206895553
2775.981524249423,-0.0008045977011494898,0.0007327586206895553
2780.484988452656,-0.0008045977011494898,0.0022701149425286005
2784.988452655889,0.0022701149425286005,0.005344827586206913
2789.4919168591223,0.005344827586206913,0.008419540229885003
2793.9953810623556,0.008419540229885003,0.01303160919540236
2798.498845265589,0.01303160919540236,0.017643678160919496
2803.002309468822,0.017643678160919496,0.0237931034482759
2807.505773672055,0.0237931034482759,0.02994252873563208
2812.009237875289,0.02994252873563208,0.03762931034482753
2816.512702078522,0.03762931034482753,0.04685344827586213
2821.016166281755,0.04685344827586213,0.05300287356321831
2825.5196304849883,0.05300287356321831,0.059152298850574714
2830.023094688222,0.059152298850574714,0.06376436781609196
2834.526558891455,0.06376436781609196,0.06991379310344814
2839.030023094688,0.06991379310344814,0.07760057471264359
2843.5334872979215,0.07760057471264359,0.08682471264367819
2848.036951501155,0.08682471264367819,0.09758620689655173
2852.540415704388,0.09758620689655173,0.10988505747126442
2857.0438799076214,0.10988505747126442,0.12679597701149425
2861.5473441108543,0.12679597701149425,0.1498563218390805
2866.050808314088,0.1498563218390805,0.17445402298850576
2870.554272517321,0.17445402298850576,0.20058908045977009
2875.057736720554,0.20058908045977009,0.22364942528735632
2879.5612009237875,0.22364942528735632,0.235948275862069
2884.064665127021,0.2328735632183908,0.23748563218390806
2888.568129330254,0.21750000000000003,0.2328735632183908
2893.0715935334874,0.19290229885057475,0.21750000000000003
2897.5750577367203,0.17137931034482756,0.19290229885057475
2902.0785219399536,0.15600574712643667,0.17137931034482756
2906.5819861431874,0.15139367816091953,0.15600574712643667
2911.08545034642,0.15139367816091953,0.15446839080459762
2915.5889145496535,0.15446839080459762,0.15754310344827582
2920.092378752887,0.15754310344827582,0.16061781609195402
2924.59584295612,0.16061781609195402,0.16215517241379307
2929.0993071593534,0.16215517241379307,0.16522988505747127
2933.6027713625867,0.16522988505747127,0.17137931034482756
2938.1062355658196,0.17137931034482756,0.1759913793103447
2942.6096997690533,0.17445402298850576,0.17752873563218385
2947.113163972286,0.16522988505747127,0.17445402298850576
2951.6166281755195,0.1498563218390805,0.16522988505747127
2956.120092378753,0.13294540229885055,0.1498563218390805
2960.623556581986,0.1160344827586206,0.13294540229885055
2965.1270207852194,0.10066091954022982,0.1160344827586206
2969.6304849884527,0.08374999999999999,0.10066091954022982
2974.1339491916856,0.0683764367816091,0.08374999999999999
2978.6374133949193,0.059152298850574714,0.0683764367816091
2983.1408775981527,0.05300287356321831,0.059152298850574714
2987.6443418013855,0.051465517241379266,0.05300287356321831
2992.147806004619,0.05300287356321831,0.05454022988505747
2996.6512702078526,0.04992816091954011,0.05300287356321831
3001.1547344110854,0.04992816091954011,0.05300287356321831
3005.6581986143187,0.05300287356321831,0.062227011494252915
3010.161662817552,0.062227011494252915,0.0745258620689655
3014.6651270207853,0.0745258620689655,0.08528735632183904
3019.1685912240187,0.08528735632183904,0.08989942528735628
3023.6720554272515,0.08989942528735628,0.10066091954022982
3028.175519630485,0.10066091954022982,0.1314080459770115
3032.6789838337186,0.1314080459770115,0.1913649425287356
3037.1824480369514,0.1913649425287356,0.25593390804597704
3041.6859122401847,0.25593390804597704,0.2759195402298851
3046.189376443418,0.21135057471264362,0.2636206896551724
3050.6928406466513,0.15908045977011487,0.21135057471264362
3055.1963048498847,0.14063218390804588,0.15908045977011487
3059.699769053118,0.1375574712643678,0.14063218390804588
3064.203233256351,0.1375574712643678,0.15139367816091953
3068.706697459584,0.15139367816091953,0.18367816091954015
3073.210161662818,0.18367816091954015,0.21288793103448278
3077.7136258660507,0.1944396551724138,0.21442528735632183
3082.217090069284,0.15446839080459762,0.1944396551724138
3086.7205542725173,0.1375574712643678,0.15446839080459762
3091.2240184757507,0.13602011494252864,0.14524425287356324
3095.727482678984,0.14524425287356324,0.16984195402298852
3100.230946882217,0.16984195402298852,0.1790660919540229
3104.73441108545,0.14063218390804588,0.17137931034482756
3109.237875288684,0.12679597701149425,0.14063218390804588
3113.7413394919167,0.12372126436781605,0.12987068965517246
3118.24480369515,0.12987068965517246,0.1375574712643678
3122.7482678983833,0.1375574712643678,0.14063218390804588
3127.2517321016167,0.13909482758620684,0.14063218390804588
3131.75519630485,0.1375574712643678,0.14063218390804588
3136.2586605080833,0.14063218390804588,0.14524425287356324
3140.762124711316,0.14524425287356324,0.1529310344827587
3145.26558891455,0.1529310344827587,0.16061781609195402
3149.769053117783,0.16061781609195402,0.16984195402298852
3154.272517321016,0.16984195402298852,0.1790660919540229
3158.7759815242493,0.1790660919540229,0.1882902298850575
3163.2794457274827,0.1882902298850575,0.19905172413793093
3167.782909930716,0.19905172413793093,0.21135057471264362
3172.2863741339493,0.21135057471264362,0.22364942528735632
3176.789838337182,0.22364942528735632,0.23441091954022986
3181.293302540416,0.23441091954022986,0.2482471264367816
3185.796766743649,0.2482471264367816,0.2605459770114942
3190.300230946882,0.2605459770114942,0.2713074712643678
3194.8036951501153,0.2713074712643678,0.28514367816091946
3199.3071593533487,0.28514367816091946,0.30051724137931035
3203.810623556582,0.30051724137931035,0.3143534482758621
3208.3140877598153,0.3143534482758621,0.3297270114942529
3212.8175519630486,0.3297270114942529,0.34510057471264366
3217.3210161662814,0.34510057471264366,0.36047413793103444
3221.824480369515,0.36047413793103444,0.3743103448275862
3226.3279445727485,0.3743103448275862,0.38968390804597697
3230.8314087759813,0.38968390804597697,0.40505747126436786
3235.3348729792147,0.40505747126436786,0.42043103448275865
3239.838337182448,0.42043103448275865,0.4373419540229885
3244.3418013856813,0.4373419540229885,0.4527155172413794
3248.8452655889146,0.4527155172413794,0.46808908045977016
3253.3487297921474,0.46808908045977016,0.48346264367816094
3257.852193995381,0.48346264367816094,0.4988362068965517
3262.3556581986145,0.4988362068965517,0.5126724137931035
3266.8591224018473,0.5126724137931035,0.5280459770114942
3271.3625866050807,0.5280459770114942,0.5403448275862068
3275.8660508083144,0.5403448275862068,0.5541810344827587
3280.3695150115473,0.5541810344827587,0.5680172413793103
3284.8729792147806,0.5680172413793103,0.5803160919540229
3289.376443418014,0.5803160919540229,0.5910775862068965
3293.879907621247,0.5910775862068965,0.6018390804597701
3298.3833718244805,0.6018390804597701,0.6126005747126437
3302.886836027714,0.6126005747126437,0.6233620689655173
3307.3903002309467,0.6233620689655173,0.6310488505747126
3311.8937644341804,0.6310488505747126,0.638735632183908
3316.3972286374133,0.638735632183908,0.6433477011494253
3320.9006928406466,0.6433477011494253,0.6494971264367817
3325.40415704388,0.6494971264367817,0.6556465517241379
3329.907621247113,0.6556465517241379,0.6602586206896552
3334.4110854503465,0.6602586206896552,0.6617959770114943
3338.91454965358,0.6602586206896552,0.6617959770114943
3343.4180138568126,0.6617959770114943,0.6633333333333333
3347.9214780600464,0.6602586206896552,0.6617959770114943
3352.4249422632797,0.657183908045977,0.6602586206896552
3356.9284064665126,0.6556465517241379,0.657183908045977
3361.431870669746,0.6510344827586206,0.6556465517241379
3365.935334872979,0.6464224137931034,0.6510344827586206
3370.4387990762125,0.6402729885057471,0.6464224137931034
3374.942263279446,0.6310488505747126,0.6402729885057471
3379.445727482679,0.6233620689655173,0.6310488505747126
3383.949191685912,0.6126005747126437,0.6233620689655173
3388.4526558891457,0.6049137931034483,0.6126005747126437
3392.9561200923786,0.5941522988505747,0.6049137931034483
3397.459584295612,0.5833908045977012,0.5941522988505747
3401.963048498845,0.5726293103448277,0.5833908045977012
3406.4665127020785,0.5587931034482758,0.5726293103448277
3410.969976905312,0.5449568965517241,0.5587931034482758
3415.473441108545,0.5295833333333333,0.5449568965517241
3419.976905311778,0.5157471264367817,0.5295833333333333
3424.4803695150117,0.5003735632183908,0.5157471264367817
3428.983833718245,0.485,0.5003735632183908
3433.487297921478,0.4696264367816092,0.485
3437.990762124711,0.4527155172413794,0.4696264367816092
3442.494226327945,0.4358045977011493,0.4527155172413794
3446.997690531178,0.4188936781609195,0.4358045977011493
3451.501154734411,0.40198275862068966,0.4188936781609195
3456.0046189376444,0.3835344827586207,0.40198275862068966
3460.5080831408777,0.36662356321839085,0.3835344827586207
3465.011547344111,0.3497126436781609,0.36662356321839085
3469.515011547344,0.3312643678160919,0.3497126436781609
3474.018475750577,0.3143534482758621,0.3312643678160919
3478.521939953811,0.29744252873563215,0.3143534482758621
3483.025404157044,0.2805316091954023,0.29744252873563215
3487.528868360277,0.2651580459770114,0.2805316091954023
3492.0323325635104,0.2482471264367816,0.2651580459770114
3496.5357967667437,0.2328735632183908,0.2482471264367816
3501.039260969977,0.21903735632183896,0.2328735632183908
3505.5427251732103,0.20520114942528733,0.21903735632183896
3510.046189376443,0.19290229885057475,0.20520114942528733
3514.5496535796765,0.1790660919540229,0.19290229885057475
3519.0531177829102,0.16830459770114936,0.1790660919540229
3523.556581986143,0.15754310344827582,0.16830459770114936
3528.0600461893764,0.14678160919540229,0.15754310344827582
3532.5635103926097,0.1375574712643678,0.14678160919540229
3537.066974595843,0.13294540229885055,0.1375574712643678
3541.5704387990763,0.1283333333333333,0.13294540229885055
3546.073903002309,0.12679597701149425,0.1283333333333333
3550.5773672055425,0.12372126436781605,0.12679597701149425
3555.0808314087762,0.12372126436781605,0.12679597701149425
3559.584295612009,0.12679597701149425,0.1283333333333333
3564.0877598152424,0.1283333333333333,0.12987068965517246
3568.5912240184757,0.12679597701149425,0.1283333333333333
3573.094688221709,0.1252586206896552,0.1283333333333333
3577.5981524249423,0.12064655172413785,0.1252586206896552
3582.1016166281756,0.1160344827586206,0.12064655172413785
3586.6050808314085,0.10988505747126442,0.1160344827586206
3591.1085450346422,0.10373563218390802,0.10988505747126442
3595.6120092378756,0.09604885057471257,0.10373563218390802
3600.1154734411084,0.08682471264367819,0.09604885057471257
3604.6189376443417,0.07760057471264359,0.08682471264367819
3609.1224018475755,0.0683764367816091,0.07760057471264359
3613.6258660508083,0.059152298850574714,0.0683764367816091
3618.1293302540416,0.051465517241379266,0.059152298850574714
3622.6327944572745,0.04224137931034477,0.051465517241379266
3627.1362586605082,0.034554597701149325,0.04224137931034477
3631.6397228637416,0.028405172413793034,0.034554597701149325
3636.1431870669744,0.0237931034482759,0.028405172413793034
3640.6466512702077,0.020718390804597697,0.0237931034482759
3645.150115473441,0.01610632183908045,0.020718390804597697
3649.6535796766743,0.01303160919540236,0.01610632183908045
3654.1570438799076,0.011494252873563315,0.01303160919540236
3658.660508083141,0.009956896551724048,0.011494252873563315
3663.163972286374,0.009956896551724048,0.011494252873563315
3667.6674364896076,0.009956896551724048,0.011494252873563315
3672.170900692841,0.008419540229885003,0.009956896551724048
3676.6743648960737,0.008419540229885003,0.009956896551724048
3681.177829099307,0.006882183908045958,0.008419540229885003
3685.681293302541,0.005344827586206913,0.006882183908045958
3690.1847575057736,0.005344827586206913,0.006882183908045958
3694.688221709007,0.0038074712643678676,0.005344827586206913
3699.19168591224,0.0038074712643678676,0.005344827586206913
3703.6951501154736,0.0038074712643678676,0.005344827586206913
3708.198614318707,0.0038074712643678676,0.005344827586206913
3712.7020785219397,0.0022701149425286005,0.0038074712643678676
3717.205542725173,0.0022701149425286005,0.0038074712643678676
3721.709006928407,0.0038074712643678676,0.005344827586206913
3726.2124711316396,0.0038074712643678676,0.005344827586206913
3730.715935334873,0.0022701149425286005,0.005344827586206913
3735.2193995381062,0.0022701149425286005,0.0038074712643678676
3739.7228637413396,0.0022701149425286005,0.0038074712643678676
3744.226327944573,0.0038074712643678676,0.005344827586206913
3748.729792147806,0.0038074712643678676,0.005344827586206913
3753.233256351039,0.0007327586206895553,0.0038074712643678676
3757.736720554273,0.0022701149425286005,0.0038074712643678676
3762.240184757506,0.0007327586206895553,0.0022701149425286005
3766.743648960739,0.0022701149425286005,0.0038074712643678676
3771.2471131639722,0.0007327586206895553,0.0038074712643678676
3775.7505773672056,0.0007327586206895553,0.0022701149425286005
3780.254041570439,0.0007327586206895553,0.0022701149425286005
3784.757505773672,0.0007327586206895553,0.0022701149425286005
3789.260969976905,0.0007327586206895553,0.0022701149425286005
3793.764434180139,0.0007327586206895553,0.0022701149425286005
3798.267898383372,0.0007327586206895553,0.0022701149425286005
3802.771362586605,0.0007327586206895553,0.0022701149425286005
3807.2748267898382,0.0007327586206895553,0.0022701149425286005
3811.7782909930716,0.0007327586206895553,0.0022701149425286005
3816.281755196305,0.0007327586206895553,0.0022701149425286005
3820.785219399538,0.0007327586206895553,0.0022701149425286005
3825.2886836027715,0.0007327586206895553,0.0022701149425286005
3829.7921478060043,0.0007327586206895553,0.0038074712643678676
3834.295612009238,0.0007327586206895553,0.0038074712643678676
3838.799076212471,0.0022701149425286005,0.0038074712643678676
3843.3025404157042,0.0022701149425286005,0.0038074712643678676
3847.8060046189375,0.0007327586206895553,0.0022701149425286005
3852.309468822171,0.0022701149425286005,0.0038074712643678676
3856.812933025404,0.0022701149425286005,0.0038074712643678676
3861.3163972286375,0.0022701149425286005,0.0038074712643678676
3865.8198614318703,0.0007327586206895553,0.0038074712643678676
3870.323325635104,0.0007327586206895553,0.0022701149425286005
3874.8267898383374,0.0022701149425286005,0.0038074712643678676
3879.3302540415702,0.0022701149425286005,0.0038074712643678676
3883.8337182448035,0.0022701149425286005,0.0038074712643678676
3888.3371824480373,0.0022701149425286005,0.0038074712643678676
3892.84064665127,0.0022701149425286005,0.0038074712643678676
3897.3441108545035,0.0038074712643678676,0.005344827586206913
3901.847575057737,0.0038074712643678676,0.005344827586206913
3906.35103926097,0.0038074712643678676,0.005344827586206913
3910.8545034642034,0.0038074712643678676,0.005344827586206913
3915.3579676674362,0.0038074712643678676,0.005344827586206913
3924.3648960739033,0.0022701149425286005,0.0038074712643678676
3928.868360277136,0.0022701149425286005,0.0038074712643678676
3933.3718244803695,0.0038074712643678676,0.005344827586206913
3937.875288683603,0.0038074712643678676,0.005344827586206913
3942.378752886836,0.0038074712643678676,0.005344827586206913
3946.8822170900694,0.0038074712643678676,0.005344827586206913
3951.3856812933027,0.0038074712643678676,0.005344827586206913
3955.8891454965355,0.0022701149425286005,0.0038074712643678676
3960.392609699769,0.0038074712643678676,0.005344827586206913
3964.8960739030026,0.0022701149425286005,0.005344827586206913
3969.3995381062355,0.0022701149425286005,0.0038074712643678676
3973.903002309469,0.0022701149425286005,0.0038074712643678676
3978.406466512702,0.0022701149425286005,0.0038074712643678676
3982.9099307159354,0.0022701149425286005,0.0038074712643678676
3987.4133949191687,0.0022701149425286005,0.0038074712643678676
3991.9168591224015,0.0007327586206895553,0.0022701149425286005
3996.420323325635,0.0022701149425286005,0.0038074712643678676
4000.9237875288686,0.0022701149425286005,0.0038074712643678676
4005.4272517321015,0.0007327586206895553,0.0022701149425286005
4009.930715935335,0.0007327586206895553,0.0022701149425286005
4014.434180138568,0.0007327586206895553,0.0022701149425286005
4018.9376443418014,0.0007327586206895553,0.0022701149425286005
