380.1385681293302,0.0038074712643678676,0.009956896551724048
384.64203233256353,0.005344827586206913,0.009956896551724048
389.1454965357968,0.005344827586206913,0.01918103448275854
393.64896073903003,0.01303160919540236,0.0237931034482759
398.1524249422633,0.009956896551724048,0.01303160919540236
402.65588914549653,0.011494252873563315,0.01303160919540236
407.1593533487298,0.01303160919540236,0.017643678160919496
411.66281755196303,0.017643678160919496,0.01918103448275854
416.16628175519634,0.017643678160919496,0.022255747126436742
420.66974595842953,0.022255747126436742,0.031479885057471235
425.17321016166284,0.02994252873563208,0.03609195402298848
429.6766743648961,0.03609195402298848,0.04377873563218393
434.18013856812934,0.04377873563218393,0.04992816091954011
438.6836027713626,0.04992816091954011,0.07298850574712634
443.18706697459584,0.07298850574712634,0.08221264367816095
447.69053117782914,0.05300287356321831,0.07913793103448274
452.19399538106234,0.04224137931034477,0.05300287356321831
456.69745958429564,0.04070402298850573,0.04224137931034477
461.2009237875289,0.04070402298850573,0.048390804597701065
465.7043879907621,0.048390804597701065,0.06068965517241376
470.20785219399534,0.06068965517241376,0.07606321839080454
474.71131639722864,0.07606321839080454,0.10988505747126442
479.2147806004619,0.10988505747126442,0.20520114942528733
483.71824480369514,0.20520114942528733,0.31589080459770114
488.2217090069284,0.09604885057471257,0.25900862068965524
492.72517321016164,0.09758620689655173,0.1790660919540229
497.2286374133949,0.1790660919540229,0.3343390804597701
501.7321016166282,0.14216954022988504,0.3343390804597701
506.23556581986145,0.03301724137931028,0.14216954022988504
510.7390300230947,0.0022701149425286005,0.03301724137931028
515.242494226328,0.0022701149425286005,0.008419540229885003
519.7459584295611,0.008419540229885003,0.017643678160919496
524.2494226327944,0.017643678160919496,0.022255747126436742
528.7528868360278,0.022255747126436742,0.02994252873563208
533.2563510392611,0.02994252873563208,0.03762931034482753
537.7598152424941,0.03762931034482753,0.045316091954022975
542.2632794457274,0.045316091954022975,0.04992816091954011
546.7667436489608,0.04992816091954011,0.05761494252873556
551.2702078521941,0.05761494252873556,0.06376436781609196
555.7736720554273,0.06376436781609196,0.0714511494252873
560.2771362586604,0.0714511494252873,0.08067528735632179
564.7806004618938,0.08067528735632179,0.09143678160919533
569.2840646651271,0.09143678160919533,0.10988505747126442
573.7875288683603,0.10988505747126442,0.12679597701149425
578.2909930715936,0.12679597701149425,0.15908045977011487
582.7944572748268,0.15908045977011487,0.20058908045977009
587.2979214780601,0.13602011494252864,0.20212643678160913
591.8013856812934,0.09451149425287353,0.13602011494252864
596.3048498845266,0.09451149425287353,0.10834770114942527
600.8083140877598,0.10834770114942527,0.14063218390804588
605.3117782909931,0.14063218390804588,0.1759913793103447
609.8152424942264,0.1344827586206896,0.1759913793103447
614.3187066974596,0.12372126436781605,0.1344827586206896
618.8221709006928,0.12372126436781605,0.13294540229885055
623.3256351039261,0.13294540229885055,0.14370689655172408
627.8290993071594,0.14370689655172408,0.16369252873563211
632.3325635103927,0.15600574712643667,0.16830459770114936
636.8360277136259,0.1529310344827587,0.16215517241379307
641.3394919168591,0.16215517241379307,0.18060344827586206
645.8429561200924,0.18060344827586206,0.20212643678160913
650.3464203233257,0.20212643678160913,0.2267241379310344
654.8498845265589,0.2267241379310344,0.25285919540229884
659.3533487297922,0.25285919540229884,0.2774568965517241
663.8568129330254,0.2774568965517241,0.29129310344827586
668.3602771362587,0.2897557471264367,0.29436781609195406
672.863741339492,0.2666954022988506,0.2897557471264367
677.3672055427252,0.2328735632183908,0.2666954022988506
681.8706697459585,0.20520114942528733,0.2328735632183908
686.3741339491917,0.19597701149425295,0.20520114942528733
690.877598152425,0.19751436781609188,0.2420977011494252
695.3810623556583,0.2420977011494252,0.2666954022988506
699.8845265588914,0.23748563218390806,0.2666954022988506
704.3879907621247,0.21596264367816098,0.23748563218390806
708.891454965358,0.20827586206896553,0.21596264367816098
713.3949191685913,0.20058908045977009,0.20827586206896553
717.8983833718245,0.18675287356321835,0.20058908045977009
722.4018475750578,0.16984195402298852,0.18675287356321835
726.905311778291,0.1498563218390805,0.16984195402298852
731.4087759815242,0.1375574712643678,0.1498563218390805
735.9122401847575,0.12064655172413785,0.1375574712643678
740.4157043879907,0.09451149425287353,0.12064655172413785
744.919168591224,0.08221264367816095,0.09451149425287353
749.4226327944573,0.07606321839080454,0.08221264367816095
753.9260969976905,0.07298850574712634,0.07606321839080454
758.4295612009238,0.0714511494252873,0.07298850574712634
762.933025404157,0.07298850574712634,0.08067528735632179
767.4364896073903,0.08067528735632179,0.09912356321839078
771.9399538106235,0.09912356321839078,0.1498563218390805
776.4434180138568,0.1498563218390805,0.25900862068965524
780.9468822170901,0.24056034482758615,0.2928304597701149
785.4503464203233,0.1913649425287356,0.24056034482758615
789.9538106235566,0.20981321839080458,0.3866091954022989
794.4572748267898,0.22057471264367812,0.38968390804597697
798.9607390300231,0.1191091954022988,0.22057471264367812
803.4642032332564,0.10527298850574707,0.1191091954022988
807.9676674364896,0.10834770114942527,0.14063218390804588
812.4711316397229,0.14063218390804588,0.1882902298850575
816.9745958429561,0.1882902298850575,0.35432471264367815
821.4780600461894,0.35432471264367815,0.41735632183908045
825.9815242494227,0.15446839080459762,0.3881465517241378
830.4849884526559,0.08836206896551724,0.15446839080459762
834.9884526558892,0.0714511494252873,0.08836206896551724
839.4919168591224,0.07298850574712634,0.1160344827586206
843.9953810623557,0.06991379310344814,0.1191091954022988
848.4988452655889,0.0237931034482759,0.06991379310344814
853.0023094688222,0.006882183908045958,0.0237931034482759
857.5057736720555,0.0038074712643678676,0.006882183908045958
862.0092378752887,0.0007327586206895553,0.0038074712643678676
866.512702078522,-0.0008045977011494898,0.0007327586206895553
871.0161662817552,-0.002341954022988535,0.0007327586206895553
875.5196304849884,-0.0008045977011494898,0.0007327586206895553
880.0230946882217,-0.0008045977011494898,0.0038074712643678676
884.5265588914549,0.0038074712643678676,0.008419540229885003
889.0300230946882,0.008419540229885003,0.017643678160919496
893.5334872979214,0.017643678160919496,0.02994252873563208
898.0369515011547,0.02994252873563208,0.04224137931034477
902.540415704388,0.03301724137931028,0.04377873563218393
907.0438799076212,0.025330459770114833,0.03301724137931028
911.5473441108545,0.017643678160919496,0.025330459770114833
916.0508083140877,0.01303160919540236,0.017643678160919496
920.554272517321,0.01303160919540236,0.01918103448275854
925.0577367205542,0.01918103448275854,0.025330459770114833
929.5612009237875,0.025330459770114833,0.03609195402298848
934.0646651270208,0.03609195402298848,0.045316091954022975
938.568129330254,0.045316091954022975,0.05454022988505747
943.0715935334873,0.05454022988505747,0.06683908045977016
947.5750577367205,0.06683908045977016,0.10373563218390802
952.0785219399538,0.10373563218390802,0.16522988505747127
956.5819861431871,0.10681034482758622,0.16830459770114936
961.0854503464203,0.06068965517241376,0.10681034482758622
965.5889145496536,0.05454022988505747,0.06068965517241376
970.0923787528868,0.05454022988505747,0.05761494252873556
974.5958429561201,0.05761494252873556,0.06376436781609196
979.0993071593533,0.06376436781609196,0.0745258620689655
983.6027713625866,0.0745258620689655,0.08989942528735628
988.1062355658199,0.08989942528735628,0.11142241379310336
992.6096997690531,0.11142241379310336,0.1375574712643678
997.1131639722864,0.1375574712643678,0.16676724137931032
1001.6166281755196,0.16676724137931032,0.18060344827586206
1006.1200923787529,0.1344827586206896,0.1759913793103447
1010.6235565819862,0.10219827586206898,0.1344827586206896
1015.1270207852194,0.09758620689655173,0.10219827586206898
1019.6304849884527,0.09758620689655173,0.10066091954022982
1024.133949191686,0.08221264367816095,0.09758620689655173
1028.6374133949191,0.0714511494252873,0.08221264367816095
1033.1408775981524,0.062227011494252915,0.0714511494252873
1037.6443418013855,0.05607758620689651,0.062227011494252915
1042.1478060046188,0.05454022988505747,0.05607758620689651
1046.6512702078521,0.05454022988505747,0.05607758620689651
1051.1547344110854,0.05607758620689651,0.05761494252873556
1055.6581986143187,0.05761494252873556,0.06068965517241376
1060.161662817552,0.06068965517241376,0.06376436781609196
1064.6651270207853,0.06376436781609196,0.0683764367816091
1069.1685912240184,0.0683764367816091,0.07606321839080454
1073.6720554272517,0.07606321839080454,0.08682471264367819
1078.1755196304848,0.08682471264367819,0.10373563218390802
1082.6789838337181,0.10373563218390802,0.10527298850574707
1087.1824480369514,0.10527298850574707,0.12372126436781605
1091.6859122401847,0.12372126436781605,0.1790660919540229
1096.189376443418,0.15908045977011487,0.19290229885057475
1100.6928406466513,0.10527298850574707,0.15908045977011487
1105.1963048498847,0.10219827586206898,0.10681034482758622
1109.6997690531177,0.10681034482758622,0.1129597701149424
1114.203233256351,0.10527298850574707,0.1129597701149424
1118.7066974595843,0.10219827586206898,0.10527298850574707
1123.2101616628174,0.10373563218390802,0.10834770114942527
1127.7136258660507,0.10834770114942527,0.1160344827586206
1132.217090069284,0.1160344827586206,0.12679597701149425
1136.7205542725173,0.12679597701149425,0.1375574712643678
1141.2240184757507,0.1375574712643678,0.1498563218390805
1145.727482678984,0.1498563218390805,0.16369252873563211
1150.2309468822173,0.16369252873563211,0.1913649425287356
1154.7344110854503,0.1913649425287356,0.2267241379310344
1159.2378752886837,0.2267241379310344,0.31281609195402293
1163.741339491917,0.18982758620689655,0.3112787356321839
1168.24480369515,0.18982758620689655,0.20212643678160913
1172.7482678983833,0.20212643678160913,0.2267241379310344
1177.2517321016167,0.2267241379310344,0.25593390804597704
1181.75519630485,0.25593390804597704,0.28206896551724125
1186.258660508083,0.28206896551724125,0.30359195402298844
1190.7621247113166,0.30359195402298844,0.33280172413793097
1195.2655889145497,0.33280172413793097,0.38507183908045983
1199.7690531177827,0.38507183908045983,0.42043103448275865
1204.272517321016,0.42043103448275865,0.4757758620689655
1208.7759815242493,0.4757758620689655,0.5680172413793103
1213.2794457274827,0.5680172413793103,0.6756321839080459
1217.782909930716,0.6264367816091954,0.6802442528735633
1222.2863741339493,0.5434195402298851,0.6264367816091954
1226.7898383371826,0.5434195402298851,0.5833908045977012
1231.2933025404157,0.5833908045977012,0.6264367816091954
1235.796766743649,0.5403448275862068,0.6248994252873563
1240.3002309468823,0.5126724137931035,0.5403448275862068
1244.8036951501156,0.5157471264367817,0.6095258620689654
1249.3071593533487,0.6095258620689654,0.6787068965517241
1253.810623556582,0.36969827586206894,0.6541091954022988
1258.3140877598153,0.20673850574712638,0.36969827586206894
1262.8175519630483,0.1498563218390805,0.20673850574712638
1267.3210161662819,0.1375574712643678,0.1498563218390805
1271.824480369515,0.12679597701149425,0.14216954022988504
1276.3279445727483,0.11757183908045976,0.12679597701149425
1280.8314087759813,0.11757183908045976,0.12987068965517246
1285.3348729792149,0.12987068965517246,0.15446839080459762
1289.838337182448,0.15446839080459762,0.17137931034482756
1294.3418013856813,0.17137931034482756,0.1759913793103447
1298.8452655889146,0.1759913793103447,0.19751436781609188
1303.3487297921479,0.19751436781609188,0.23748563218390806
1307.852193995381,0.23748563218390806,0.2897557471264367
1312.3556581986143,0.2897557471264367,0.3558620689655172
1316.8591224018476,0.3558620689655172,0.39583333333333326
1321.3625866050809,0.2636206896551724,0.391221264367816
1325.866050808314,0.1882902298850575,0.2636206896551724
1330.3695150115475,0.1759913793103447,0.1882902298850575
1334.8729792147806,0.17752873563218385,0.1944396551724138
1339.3764434180139,0.1944396551724138,0.2267241379310344
1343.879907621247,0.2267241379310344,0.2666954022988506
1348.3833718244805,0.2666954022988506,0.32204022988505754
1352.8868360277136,0.32204022988505754,0.38507183908045983
1357.3903002309469,0.38507183908045983,0.4419540229885057
1361.8937644341802,0.4373419540229885,0.4481034482758621
1366.3972286374135,0.39583333333333326,0.4373419540229885
1370.9006928406466,0.3235775862068966,0.39583333333333326
1375.40415704388,0.2713074712643678,0.3235775862068966
1379.9076212471132,0.24363505747126435,0.2713074712643678
1384.4110854503465,0.24056034482758615,0.24363505747126435
1388.9145496535796,0.2420977011494252,0.2543965517241379
1393.418013856813,0.2543965517241379,0.2789942528735633
1397.9214780600462,0.2789942528735633,0.30974137931034473
1402.4249422632795,0.30974137931034473,0.33280172413793097
1406.9284064665128,0.33280172413793097,0.36662356321839085
1411.4318706697459,0.36662356321839085,0.42965517241379314
1415.9353348729792,0.42965517241379314,0.5157471264367817
1420.4387990762123,0.5157471264367817,0.5956896551724138
1424.9422632794458,0.5956896551724138,0.6602586206896552
1429.4457274826789,0.6602586206896552,0.7033045977011494
1433.9491916859122,0.7017672413793103,0.7140660919540229
1438.4526558891455,0.6049137931034483,0.7017672413793103
1442.9561200923788,0.4481034482758621,0.6049137931034483
1447.4595842956119,0.3312643678160919,0.4481034482758621
1451.9630484988454,0.26977011494252867,0.3312643678160919
1456.4665127020785,0.24978448275862064,0.26977011494252867
1460.9699769053118,0.24670977011494244,0.24978448275862064
1465.4734411085449,0.2482471264367816,0.2543965517241379
1469.9769053117784,0.2543965517241379,0.2682327586206896
1474.4803695150115,0.2682327586206896,0.2897557471264367
1478.9838337182448,0.2897557471264367,0.3266522988505747
1483.487297921478,0.3266522988505747,0.3835344827586207
1487.9907621247114,0.3835344827586207,0.49268678160919543
1492.4942263279445,0.49268678160919543,0.6894683908045978
1496.9976905311778,0.6894683908045978,0.9892528735632184
1501.501154734411,0.8247557471264367,1.0046264367816091
1506.0046189376444,0.715603448275862,0.8247557471264367
1510.5080831408775,0.5603304597701149,0.7171408045977011
1515.011547344111,0.3589367816091954,0.5603304597701149
1519.515011547344,0.2959051724137931,0.3589367816091954
1524.0184757505774,0.2866810344827586,0.2959051724137931
1528.5219399538107,0.29129310344827586,0.31281609195402293
1533.025404157044,0.31281609195402293,0.352787356321839
1537.528868360277,0.352787356321839,0.4065948275862069
1542.0323325635104,0.4065948275862069,0.4788505747126436
1546.5357967667437,0.4788505747126436,0.5849281609195403
1551.0392609699768,0.5849281609195403,0.715603448275862
1555.54272517321,0.715603448275862,0.809382183908046
1560.0461893764434,0.7386637931034483,0.809382183908046
1564.5496535796767,0.5357327586206897,0.7386637931034483
1569.0531177829098,0.3558620689655172,0.5357327586206897
1573.556581986143,0.2513218390804598,0.3558620689655172
1578.0600461893764,0.21135057471264362,0.2513218390804598
1582.5635103926097,0.20673850574712638,0.21596264367816098
1587.0669745958428,0.21596264367816098,0.25900862068965524
1591.5704387990763,0.25900862068965524,0.35432471264367815
1596.0739030023094,0.35432471264367815,0.49268678160919543
1600.5773672055427,0.49268678160919543,0.6910057471264368
1605.080831408776,0.6863936781609195,0.7340517241379311
1609.5842956120093,0.5080603448275862,0.6863936781609195
1614.0877598152424,0.4281178160919541,0.5080603448275862
1618.5912240184757,0.41428160919540225,0.4281178160919541
1623.094688221709,0.40198275862068966,0.41428160919540225
1627.5981524249423,0.4096695402298851,0.46501436781609196
1632.1016166281754,0.46501436781609196,0.5311206896551723
1636.605080831409,0.5311206896551723,0.6310488505747126
1641.108545034642,0.6310488505747126,0.810919540229885
1645.6120092378753,0.810919540229885,0.9907902298850575
1650.1154734411084,0.9462068965517242,1.00308908045977
1654.618937644342,0.7817097701149426,0.9462068965517242
1659.122401847575,0.6295114942528734,0.7817097701149426
1663.6258660508083,0.49268678160919543,0.6295114942528734
1668.1293302540416,0.3866091954022989,0.49268678160919543
1672.632794457275,0.31896551724137934,0.3866091954022989
1677.136258660508,0.2774568965517241,0.31896551724137934
1681.6397228637413,0.2543965517241379,0.2774568965517241
1686.1431870669746,0.21288793103448278,0.2543965517241379
1690.646651270208,0.1790660919540229,0.21288793103448278
1695.150115473441,0.15446839080459762,0.1790660919540229
1699.6535796766743,0.1344827586206896,0.15446839080459762
1704.1570438799076,0.12064655172413785,0.1344827586206896
1708.6605080831407,0.10988505747126442,0.12064655172413785
1713.1639722863742,0.10066091954022982,0.10988505747126442
1717.6674364896073,0.09451149425287353,0.10066091954022982
1722.1709006928406,0.09451149425287353,0.09604885057471257
1726.6743648960737,0.09451149425287353,0.10066091954022982
1731.1778290993072,0.09912356321839078,0.10219827586206898
1735.6812933025403,0.09604885057471257,0.09912356321839078
1740.1847575057736,0.09758620689655173,0.1129597701149424
1744.688221709007,0.1129597701149424,0.13909482758620684
1749.1916859122402,0.13909482758620684,0.1498563218390805
1753.6951501154733,0.1283333333333333,0.14678160919540229
1758.1986143187066,0.12218390804597701,0.1283333333333333
1762.70207852194,0.10527298850574707,0.12218390804597701
1767.2055427251732,0.07760057471264359,0.10527298850574707
1771.7090069284063,0.06068965517241376,0.07760057471264359
1776.2124711316399,0.04992816091954011,0.06068965517241376
1780.715935334873,0.04070402298850573,0.04992816091954011
1785.2193995381062,0.034554597701149325,0.04070402298850573
1789.7228637413396,0.028405172413793034,0.034554597701149325
1794.2263279445729,0.0237931034482759,0.028405172413793034
1798.729792147806,0.020718390804597697,0.0237931034482759
1803.2332563510392,0.017643678160919496,0.020718390804597697
1807.7367205542726,0.01610632183908045,0.017643678160919496
1812.2401847575059,0.014568965517241184,0.01610632183908045
1816.743648960739,0.014568965517241184,0.01610632183908045
1821.2471131639725,0.01610632183908045,0.017643678160919496
1825.7505773672056,0.01610632183908045,0.017643678160919496
1830.2540415704389,0.01303160919540236,0.01610632183908045
1834.757505773672,0.009956896551724048,0.01303160919540236
1839.2609699769055,0.008419540229885003,0.009956896551724048
1843.7644341801386,0.009956896551724048,0.01610632183908045
1848.2678983833719,0.01610632183908045,0.020718390804597697
1852.7713625866052,0.011494252873563315,0.01918103448275854
1857.2748267898382,0.008419540229885003,0.011494252873563315
1861.7782909930716,0.008419540229885003,0.011494252873563315
1866.2817551963049,0.011494252873563315,0.017643678160919496
1870.7852193995382,0.017643678160919496,0.028405172413793034
1875.2886836027712,0.028405172413793034,0.031479885057471235
1879.7921478060046,0.017643678160919496,0.028405172413793034
1884.2956120092379,0.009956896551724048,0.017643678160919496
1888.7990762124712,0.008419540229885003,0.009956896551724048
1893.3025404157042,0.008419540229885003,0.01303160919540236
1897.8060046189378,0.01303160919540236,0.022255747126436742
1902.3094688221709,0.017643678160919496,0.022255747126436742
1906.8129330254042,0.009956896551724048,0.017643678160919496
1911.3163972286372,0.005344827586206913,0.009956896551724048
1915.8198614318708,0.0038074712643678676,0.005344827586206913
1920.3233256351039,0.0038074712643678676,0.005344827586206913
1924.8267898383372,0.0022701149425286005,0.0038074712643678676
1929.3302540415705,0.0022701149425286005,0.0038074712643678676
1933.8337182448038,0.0022701149425286005,0.0038074712643678676
1938.3371824480369,0.0007327586206895553,0.0038074712643678676
1942.8406466512704,0.0007327586206895553,0.0022701149425286005
1947.3441108545035,0.0022701149425286005,0.0038074712643678676
1951.8475750577368,0.0022701149425286005,0.0038074712643678676
1956.3510392609699,0.0022701149425286005,0.0038074712643678676
1960.8545034642034,0.0022701149425286005,0.0038074712643678676
1965.3579676674365,0.0038074712643678676,0.005344827586206913
1969.8614318706698,0.0038074712643678676,0.005344827586206913
1974.364896073903,0.0038074712643678676,0.005344827586206913
1978.8683602771364,0.005344827586206913,0.006882183908045958
1983.3718244803695,0.0038074712643678676,0.006882183908045958
1987.8752886836028,0.0038074712643678676,0.005344827586206913
1992.378752886836,0.0022701149425286005,0.0038074712643678676
1996.8822170900694,0.0022701149425286005,0.0038074712643678676
2001.3856812933025,0.0007327586206895553,0.0022701149425286005
2005.8891454965358,0.0007327586206895553,0.0022701149425286005
2010.392609699769,0.0007327586206895553,0.0022701149425286005
2014.8960739030022,0.0022701149425286005,0.0038074712643678676
2019.3995381062355,0.0038074712643678676,0.005344827586206913
2023.9030023094688,0.0038074712643678676,0.005344827586206913
2028.406466512702,0.0038074712643678676,0.005344827586206913
2032.9099307159352,0.005344827586206913,0.006882183908045958
2037.4133949191687,0.0038074712643678676,0.005344827586206913
2041.9168591224018,0.0022701149425286005,0.0038074712643678676
2046.420323325635,0.0022701149425286005,0.0038074712643678676
2050.923787528868,0.0038074712643678676,0.005344827586206913
2055.4272517321015,0.0038074712643678676,0.005344827586206913
2059.930715935335,0.0022701149425286005,0.0038074712643678676
2064.434180138568,0.0022701149425286005,0.0038074712643678676
2068.9376443418014,0.0022701149425286005,0.0038074712643678676
2073.4411085450347,0.0038074712643678676,0.005344827586206913
2077.944572748268,0.0038074712643678676,0.005344827586206913
2082.4480369515013,0.0038074712643678676,0.005344827586206913
2086.9515011547346,0.0038074712643678676,0.005344827586206913
2091.454965357968,0.0022701149425286005,0.0038074712643678676
2095.958429561201,0.0022701149425286005,0.0038074712643678676
2100.4618937644345,0.0022701149425286005,0.0038074712643678676
2104.9653579676674,0.0022701149425286005,0.005344827586206913
2109.4688221709007,0.0038074712643678676,0.006882183908045958
2113.972286374134,0.006882183908045958,0.008419540229885003
2118.4757505773673,0.005344827586206913,0.006882183908045958
2122.9792147806,0.0038074712643678676,0.005344827586206913
2127.482678983834,0.0038074712643678676,0.005344827586206913
2131.986143187067,0.0038074712643678676,0.005344827586206913
2136.4896073903,0.0022701149425286005,0.005344827586206913
2140.9930715935334,0.0022701149425286005,0.0038074712643678676
2145.4965357967667,0.0022701149425286005,0.0038074712643678676
2150.0,0.0022701149425286005,0.0038074712643678676
2154.5034642032333,0.0022701149425286005,0.0038074712643678676
2159.0069284064666,0.0022701149425286005,0.0038074712643678676
2163.5103926097,0.0007327586206895553,0.0022701149425286005
2168.013856812933,0.0007327586206895553,0.0022701149425286005
2172.517321016166,0.0007327586206895553,0.0022701149425286005
2177.0207852194,0.0022701149425286005,0.0038074712643678676
2181.524249422633,0.0022701149425286005,0.0038074712643678676
2186.027713625866,0.0022701149425286005,0.0038074712643678676
2190.5311778290993,0.0007327586206895553,0.0022701149425286005
2195.034642032332,0.0007327586206895553,0.0022701149425286005
2199.5381062355655,0.0007327586206895553,0.0022701149425286005
2204.041570438799,0.0022701149425286005,0.0038074712643678676
2208.545034642032,0.0022701149425286005,0.0038074712643678676
2213.0484988452654,0.0022701149425286005,0.0038074712643678676
2217.5519630484987,0.0022701149425286005,0.0038074712643678676
2222.055427251732,0.0022701149425286005,0.0038074712643678676
2226.5588914549653,0.0022701149425286005,0.0038074712643678676
2231.0623556581986,0.0007327586206895553,0.0038074712643678676
2235.565819861432,0.0007327586206895553,0.0022701149425286005
2240.069284064665,0.0022701149425286005,0.0038074712643678676
2244.5727482678985,0.0022701149425286005,0.0038074712643678676
2249.0762124711314,0.0022701149425286005,0.0038074712643678676
2253.579676674365,0.0007327586206895553,0.0022701149425286005
2258.0831408775985,0.0007327586206895553,0.0022701149425286005
2262.5866050808313,0.0007327586206895553,0.0022701149425286005
2267.0900692840646,0.0007327586206895553,0.0022701149425286005
2271.593533487298,0.0022701149425286005,0.0038074712643678676
2276.096997690531,0.0038074712643678676,0.005344827586206913
2280.6004618937645,0.0038074712643678676,0.005344827586206913
2285.1039260969974,0.0038074712643678676,0.005344827586206913
2289.607390300231,0.0038074712643678676,0.005344827586206913
2294.1108545034645,0.0038074712643678676,0.005344827586206913
2298.6143187066973,0.0038074712643678676,0.005344827586206913
2303.1177829099306,0.0022701149425286005,0.0038074712643678676
2307.621247113164,0.0007327586206895553,0.0022701149425286005
2312.124711316397,0.0007327586206895553,0.0022701149425286005
2316.6281755196305,0.0007327586206895553,0.0022701149425286005
2321.131639722864,0.0007327586206895553,0.0022701149425286005
2325.6351039260967,0.0007327586206895553,0.0022701149425286005
2330.1385681293305,0.0022701149425286005,0.0038074712643678676
2334.6420323325638,0.0038074712643678676,0.005344827586206913
2339.1454965357966,0.005344827586206913,0.006882183908045958
2343.64896073903,0.005344827586206913,0.006882183908045958
2348.152424942263,0.0038074712643678676,0.005344827586206913
2352.6558891454965,0.0022701149425286005,0.0038074712643678676
2357.15935334873,0.0022701149425286005,0.0038074712643678676
2361.6628175519627,0.0022701149425286005,0.005344827586206913
2366.1662817551965,0.0038074712643678676,0.006882183908045958
2370.6697459584298,0.005344827586206913,0.006882183908045958
2375.1732101616626,0.0038074712643678676,0.005344827586206913
2379.676674364896,0.0022701149425286005,0.0038074712643678676
2384.1801385681297,0.0022701149425286005,0.0038074712643678676
2388.6836027713625,0.0022701149425286005,0.0038074712643678676
2393.187066974596,0.0022701149425286005,0.0038074712643678676
2397.690531177829,0.0022701149425286005,0.0038074712643678676
2402.1939953810625,0.0022701149425286005,0.0038074712643678676
2406.6974595842958,0.0022701149425286005,0.0038074712643678676
2411.200923787529,0.0022701149425286005,0.0038074712643678676
2415.704387990762,0.0022701149425286005,0.0038074712643678676
2420.2078521939957,0.0022701149425286005,0.0038074712643678676
2424.7113163972285,0.0007327586206895553,0.0022701149425286005
2429.214780600462,0.0007327586206895553,0.0022701149425286005
2433.718244803695,0.0007327586206895553,0.0022701149425286005
2438.2217090069284,0.0007327586206895553,0.0038074712643678676
2442.7251732101618,0.0038074712643678676,0.008419540229885003
2447.228637413395,0.008419540229885003,0.011494252873563315
2451.732101616628,0.011494252873563315,0.01610632183908045
2456.235565819861,0.01610632183908045,0.01918103448275854
2460.739030023095,0.01918103448275854,0.020718390804597697
2465.242494226328,0.020718390804597697,0.0237931034482759
2469.745958429561,0.0237931034482759,0.025330459770114833
2474.2494226327944,0.025330459770114833,0.02686781609195399
2478.7528868360278,0.02686781609195399,0.02994252873563208
2483.256351039261,0.02994252873563208,0.031479885057471235
2487.759815242494,0.02994252873563208,0.031479885057471235
2492.263279445727,0.02994252873563208,0.03301724137931028
2496.766743648961,0.031479885057471235,0.03301724137931028
2501.270207852194,0.031479885057471235,0.03301724137931028
2505.773672055427,0.02686781609195399,0.031479885057471235
2510.2771362586604,0.0237931034482759,0.02686781609195399
2514.7806004618938,0.0237931034482759,0.025330459770114833
2519.284064665127,0.0237931034482759,0.025330459770114833
2523.7875288683604,0.022255747126436742,0.0237931034482759
2528.290993071593,0.022255747126436742,0.025330459770114833
2532.794457274827,0.025330459770114833,0.02686781609195399
2537.2979214780603,0.02686781609195399,0.02994252873563208
2541.801385681293,0.02994252873563208,0.03301724137931028
2546.3048498845264,0.03301724137931028,0.03609195402298848
2550.80831408776,0.03609195402298848,0.04070402298850573
2555.311778290993,0.04070402298850573,0.04685344827586213
2559.8152424942264,0.04685344827586213,0.051465517241379266
2564.318706697459,0.051465517241379266,0.05607758620689651
2568.822170900693,0.05607758620689651,0.062227011494252915
2573.3256351039263,0.062227011494252915,0.06683908045977016
2577.829099307159,0.06683908045977016,0.0714511494252873
2582.3325635103924,0.0714511494252873,0.07760057471264359
2586.836027713626,0.07760057471264359,0.07913793103448274
2591.339491916859,0.07913793103448274,0.08067528735632179
2595.8429561200924,0.07913793103448274,0.08067528735632179
2600.3464203233257,0.07606321839080454,0.07913793103448274
2604.849884526559,0.0714511494252873,0.07606321839080454
2609.3533487297923,0.06683908045977016,0.0714511494252873
2613.8568129330256,0.06376436781609196,0.06683908045977016
2618.3602771362584,0.06068965517241376,0.06376436781609196
2622.8637413394918,0.059152298850574714,0.062227011494252915
2627.3672055427255,0.05607758620689651,0.059152298850574714
2631.8706697459584,0.05454022988505747,0.05607758620689651
2636.3741339491917,0.05454022988505747,0.05607758620689651
2640.8775981524245,0.05607758620689651,0.05761494252873556
2645.3810623556583,0.05761494252873556,0.06068965517241376
2649.8845265588916,0.06068965517241376,0.065301724137931
2654.3879907621244,0.065301724137931,0.06991379310344814
2658.8914549653578,0.06991379310344814,0.0745258620689655
2663.3949191685915,0.0745258620689655,0.08221264367816095
2667.8983833718244,0.08221264367816095,0.08682471264367819
2672.4018475750577,0.08682471264367819,0.08836206896551724
2676.905311778291,0.08682471264367819,0.08989942528735628
2681.4087759815243,0.08682471264367819,0.08836206896551724
2685.9122401847576,0.08528735632183904,0.08682471264367819
2690.415704387991,0.08374999999999999,0.08528735632183904
2694.9191685912238,0.08528735632183904,0.08682471264367819
2699.4226327944575,0.08528735632183904,0.08682471264367819
2703.926096997691,0.08682471264367819,0.08989942528735628
2708.4295612009237,0.08989942528735628,0.09143678160919533
2712.933025404157,0.09143678160919533,0.09451149425287353
2717.4364896073903,0.09297413793103437,0.09604885057471257
2721.9399538106236,0.09451149425287353,0.09604885057471257
2726.443418013857,0.09297413793103437,0.09604885057471257
2730.9468822170898,0.08989942528735628,0.09297413793103437
2735.4503464203235,0.08836206896551724,0.08989942528735628
2739.953810623557,0.08528735632183904,0.08836206896551724
2744.4572748267897,0.08374999999999999,0.08528735632183904
2748.960739030023,0.08221264367816095,0.08374999999999999
2753.4642032332563,0.08221264367816095,0.08374999999999999
2757.9676674364896,0.08374999999999999,0.08682471264367819
2762.471131639723,0.08682471264367819,0.08836206896551724
2766.974595842956,0.08836206896551724,0.09297413793103437
2771.478060046189,0.09297413793103437,0.10066091954022982
2775.981524249423,0.10066091954022982,0.10681034482758622
2780.484988452656,0.10681034482758622,0.11449712643678156
2784.988452655889,0.11449712643678156,0.12218390804597701
2789.4919168591223,0.12218390804597701,0.1314080459770115
2793.9953810623556,0.1314080459770115,0.13909482758620684
2798.498845265589,0.13909482758620684,0.14524425287356324
2803.002309468822,0.14370689655172408,0.14524425287356324
2807.505773672055,0.14063218390804588,0.14370689655172408
2812.009237875289,0.13294540229885055,0.14063218390804588
2816.512702078522,0.12679597701149425,0.13294540229885055
2821.016166281755,0.12372126436781605,0.12679597701149425
2825.5196304849883,0.1191091954022988,0.12372126436781605
2830.023094688222,0.11757183908045976,0.1191091954022988
2834.526558891455,0.11757183908045976,0.1191091954022988
2839.030023094688,0.11757183908045976,0.1191091954022988
2843.5334872979215,0.1191091954022988,0.12064655172413785
2848.036951501155,0.1191091954022988,0.12064655172413785
2852.540415704388,0.1191091954022988,0.12064655172413785
2857.0438799076214,0.12064655172413785,0.12372126436781605
2861.5473441108543,0.12372126436781605,0.12987068965517246
2866.050808314088,0.12987068965517246,0.1375574712643678
2870.554272517321,0.1375574712643678,0.14678160919540229
2875.057736720554,0.14678160919540229,0.15600574712643667
2879.5612009237875,0.15600574712643667,0.16522988505747127
2884.064665127021,0.16522988505747127,0.17137931034482756
2888.568129330254,0.17137931034482756,0.17291666666666672
2893.0715935334874,0.16984195402298852,0.17291666666666672
2897.5750577367203,0.16522988505747127,0.16984195402298852
2902.0785219399536,0.16061781609195402,0.16522988505747127
2906.5819861431874,0.15908045977011487,0.16061781609195402
2911.08545034642,0.15908045977011487,0.16215517241379307
2915.5889145496535,0.16215517241379307,0.16676724137931032
2920.092378752887,0.16676724137931032,0.1759913793103447
2924.59584295612,0.1759913793103447,0.18367816091954015
2929.0993071593534,0.18367816091954015,0.1913649425287356
2933.6027713625867,0.1913649425287356,0.19751436781609188
2938.1062355658196,0.19751436781609188,0.20058908045977009
2942.6096997690533,0.19905172413793093,0.20058908045977009
2947.113163972286,0.19751436781609188,0.20058908045977009
2951.6166281755195,0.19597701149425295,0.19751436781609188
2956.120092378753,0.19597701149425295,0.19751436781609188
2960.623556581986,0.19597701149425295,0.19751436781609188
2965.1270207852194,0.19751436781609188,0.20366379310344818
2969.6304849884527,0.20366379310344818,0.20981321839080458
2974.1339491916856,0.20981321839080458,0.21750000000000003
2978.6374133949193,0.21750000000000003,0.2267241379310344
2983.1408775981527,0.2267241379310344,0.2328735632183908
2987.6443418013855,0.2328735632183908,0.23748563218390806
2992.147806004619,0.23748563218390806,0.2420977011494252
2996.6512702078526,0.2420977011494252,0.2451724137931034
3001.1547344110854,0.2451724137931034,0.2513218390804598
3005.6581986143187,0.2513218390804598,0.2543965517241379
3010.161662817552,0.2543965517241379,0.25900862068965524
3014.6651270207853,0.25900862068965524,0.2636206896551724
3019.1685912240187,0.2636206896551724,0.2682327586206896
3023.6720554272515,0.2682327586206896,0.2743821839080459
3028.175519630485,0.2743821839080459,0.28206896551724125
3032.6789838337186,0.28206896551724125,0.29129310344827586
3037.1824480369514,0.29129310344827586,0.3020545977011494
3041.6859122401847,0.3020545977011494,0.3143534482758621
3046.189376443418,0.3143534482758621,0.3205028735632184
3050.6928406466513,0.3143534482758621,0.31896551724137934
3055.1963048498847,0.31281609195402293,0.3143534482758621
3059.699769053118,0.31281609195402293,0.32204022988505754
3064.203233256351,0.32204022988505754,0.3312643678160919
3068.706697459584,0.3312643678160919,0.3404885057471264
3073.210161662818,0.3404885057471264,0.35124999999999995
3077.7136258660507,0.35124999999999995,0.35739942528735635
3082.217090069284,0.35739942528735635,0.36354885057471265
3086.7205542725173,0.36354885057471265,0.371235632183908
3091.2240184757507,0.371235632183908,0.3835344827586207
3095.727482678984,0.3835344827586207,0.3942959770114942
3100.230946882217,0.3942959770114942,0.4065948275862069
3104.73441108545,0.4065948275862069,0.4188936781609195
3109.237875288684,0.4188936781609195,0.4311925287356321
3113.7413394919167,0.4311925287356321,0.4481034482758621
3118.24480369515,0.4481034482758621,0.4604022988505747
3122.7482678983833,0.45886494252873555,0.46193965517241375
3127.2517321016167,0.4542528735632183,0.4604022988505747
3131.75519630485,0.4511781609195402,0.4542528735632183
3136.2586605080833,0.4511781609195402,0.4542528735632183
3140.762124711316,0.4542528735632183,0.45886494252873555
3145.26558891455,0.45886494252873555,0.466551724137931
3149.769053117783,0.466551724137931,0.47731321839080454
3154.272517321016,0.47731321839080454,0.4880747126436782
3158.7759815242493,0.4880747126436782,0.4988362068965517
3163.2794457274827,0.4988362068965517,0.5080603448275862
3167.782909930716,0.5080603448275862,0.5203591954022988
3172.2863741339493,0.5203591954022988,0.5280459770114942
3176.789838337182,0.524971264367816,0.5280459770114942
3181.293302540416,0.5157471264367817,0.524971264367816
3185.796766743649,0.5095977011494253,0.5157471264367817
3190.300230946882,0.5019109195402299,0.5095977011494253
3194.8036951501153,0.4957614942528735,0.5019109195402299
3199.3071593533487,0.49268678160919543,0.4957614942528735
3203.810623556582,0.4911494252873563,0.4942241379310345
3208.3140877598153,0.48961206896551723,0.4911494252873563
3212.8175519630486,0.4880747126436782,0.48961206896551723
3217.3210161662814,0.48653735632183903,0.48961206896551723
3221.824480369515,0.4757758620689655,0.48653735632183903
3226.3279445727485,0.4604022988505747,0.4757758620689655
3230.8314087759813,0.44656609195402297,0.4604022988505747
3235.3348729792147,0.4311925287356321,0.44656609195402297
3239.838337182448,0.4219683908045977,0.4311925287356321
3244.3418013856813,0.4127442528735632,0.4219683908045977
3248.8452655889146,0.40505747126436786,0.4127442528735632
3253.3487297921474,0.40198275862068966,0.40505747126436786
3257.852193995381,0.39890804597701146,0.40198275862068966
3262.3556581986145,0.39890804597701146,0.4004454022988506
3266.8591224018473,0.39890804597701146,0.4035201149425287
3271.3625866050807,0.4035201149425287,0.40505747126436786
3275.8660508083144,0.4004454022988506,0.4035201149425287
3280.3695150115473,0.39275862068965517,0.4004454022988506
3284.8729792147806,0.3835344827586207,0.39275862068965517
3289.376443418014,0.3773850574712644,0.3835344827586207
3293.879907621247,0.37584770114942523,0.3804597701149425
3298.3833718244805,0.3804597701149425,0.3866091954022989
3302.886836027714,0.3866091954022989,0.3942959770114942
3307.3903002309467,0.3942959770114942,0.39583333333333326
3311.8937644341804,0.39275862068965517,0.39583333333333326
3316.3972286374133,0.38968390804597697,0.3942959770114942
3320.9006928406466,0.3942959770114942,0.4035201149425287
3325.40415704388,0.4035201149425287,0.4250431034482759
3329.907621247113,0.4250431034482759,0.46808908045977016
3334.4110854503465,0.46808908045977016,0.5126724137931035
3338.91454965358,0.5126724137931035,0.5434195402298851
3343.4180138568126,0.5311206896551723,0.5480316091954023
3347.9214780600464,0.4819252873563218,0.5311206896551723
3352.4249422632797,0.4219683908045977,0.4819252873563218
3356.9284064665126,0.3681609195402298,0.4219683908045977
3361.431870669746,0.3205028735632184,0.3681609195402298
3365.935334872979,0.28206896551724125,0.3205028735632184
3370.4387990762125,0.24978448275862064,0.28206896551724125
3374.942263279446,0.22826149425287356,0.24978448275862064
3379.445727482679,0.20827586206896553,0.22826149425287356
3383.949191685912,0.1944396551724138,0.20827586206896553
3388.4526558891457,0.1821408045977011,0.1944396551724138
3392.9561200923786,0.16984195402298852,0.1821408045977011
3397.459584295612,0.16061781609195402,0.16984195402298852
3401.963048498845,0.15139367816091953,0.16061781609195402
3406.4665127020785,0.14370689655172408,0.15139367816091953
3410.969976905312,0.1375574712643678,0.14370689655172408
3415.473441108545,0.1314080459770115,0.1375574712643678
3419.976905311778,0.12679597701149425,0.1314080459770115
3424.4803695150117,0.1191091954022988,0.12679597701149425
3428.983833718245,0.1129597701149424,0.1191091954022988
3433.487297921478,0.10681034482758622,0.1129597701149424
3437.990762124711,0.10373563218390802,0.10681034482758622
3442.494226327945,0.09758620689655173,0.10373563218390802
3446.997690531178,0.09451149425287353,0.09758620689655173
3451.501154734411,0.08836206896551724,0.09451149425287353
3456.0046189376444,0.08374999999999999,0.08836206896551724
3460.5080831408777,0.07913793103448274,0.08374999999999999
3465.011547344111,0.07606321839080454,0.07913793103448274
3469.515011547344,0.07298850574712634,0.07606321839080454
3474.018475750577,0.0714511494252873,0.07298850574712634
3478.521939953811,0.06683908045977016,0.0714511494252873
3483.025404157044,0.06376436781609196,0.06683908045977016
3487.528868360277,0.062227011494252915,0.06376436781609196
3492.0323325635104,0.06068965517241376,0.062227011494252915
3496.5357967667437,0.059152298850574714,0.06068965517241376
3501.039260969977,0.05607758620689651,0.059152298850574714
3505.5427251732103,0.05454022988505747,0.05761494252873556
3510.046189376443,0.05454022988505747,0.05607758620689651
3514.5496535796765,0.05300287356321831,0.05454022988505747
3519.0531177829102,0.05300287356321831,0.05454022988505747
3523.556581986143,0.04992816091954011,0.05300287356321831
3528.0600461893764,0.04685344827586213,0.051465517241379266
3532.5635103926097,0.04377873563218393,0.04685344827586213
3537.066974595843,0.04070402298850573,0.04377873563218393
3541.5704387990763,0.03762931034482753,0.04070402298850573
3546.073903002309,0.034554597701149325,0.03762931034482753
3550.5773672055425,0.03301724137931028,0.034554597701149325
3555.0808314087762,0.02994252873563208,0.03301724137931028
3559.584295612009,0.028405172413793034,0.02994252873563208
3564.0877598152424,0.02686781609195399,0.028405172413793034
3568.5912240184757,0.0237931034482759,0.02686781609195399
3573.094688221709,0.0237931034482759,0.025330459770114833
3577.5981524249423,0.020718390804597697,0.0237931034482759
3582.1016166281756,0.01918103448275854,0.020718390804597697
3586.6050808314085,0.01918103448275854,0.020718390804597697
3591.1085450346422,0.017643678160919496,0.01918103448275854
3595.6120092378756,0.01610632183908045,0.017643678160919496
3600.1154734411084,0.014568965517241184,0.01610632183908045
3604.6189376443417,0.01303160919540236,0.014568965517241184
3609.1224018475755,0.01303160919540236,0.014568965517241184
3613.6258660508083,0.011494252873563315,0.01303160919540236
3618.1293302540416,0.009956896551724048,0.01303160919540236
3622.6327944572745,0.008419540229885003,0.011494252873563315
3627.1362586605082,0.008419540229885003,0.009956896551724048
3631.6397228637416,0.006882183908045958,0.008419540229885003
3636.1431870669744,0.005344827586206913,0.006882183908045958
3640.6466512702077,0.005344827586206913,0.008419540229885003
3645.150115473441,0.005344827586206913,0.006882183908045958
3649.6535796766743,0.0038074712643678676,0.006882183908045958
3654.1570438799076,0.0038074712643678676,0.005344827586206913
3658.660508083141,0.0038074712643678676,0.005344827586206913
3663.163972286374,0.0038074712643678676,0.005344827586206913
3667.6674364896076,0.0022701149425286005,0.005344827586206913
3672.170900692841,0.0022701149425286005,0.0038074712643678676
3676.6743648960737,0.0038074712643678676,0.005344827586206913
3681.177829099307,0.0038074712643678676,0.005344827586206913
3685.681293302541,0.0038074712643678676,0.005344827586206913
3690.1847575057736,0.0038074712643678676,0.005344827586206913
3694.688221709007,0.0038074712643678676,0.005344827586206913
3699.19168591224,0.0038074712643678676,0.005344827586206913
3703.6951501154736,0.0038074712643678676,0.005344827586206913
3708.198614318707,0.0038074712643678676,0.005344827586206913
3712.7020785219397,0.0038074712643678676,0.005344827586206913
3717.205542725173,0.0038074712643678676,0.005344827586206913
3721.709006928407,0.0022701149425286005,0.0038074712643678676
3726.2124711316396,0.0022701149425286005,0.0038074712643678676
3730.715935334873,0.0022701149425286005,0.0038074712643678676
3735.2193995381062,0.0022701149425286005,0.0038074712643678676
3739.7228637413396,0.0022701149425286005,0.0038074712643678676
3744.226327944573,0.0022701149425286005,0.0038074712643678676
3748.729792147806,0.0022701149425286005,0.0038074712643678676
3753.233256351039,0.0022701149425286005,0.0038074712643678676
3757.736720554273,0.0007327586206895553,0.0022701149425286005
3762.240184757506,0.0022701149425286005,0.0038074712643678676
3766.743648960739,0.0007327586206895553,0.0022701149425286005
3771.2471131639722,0.0022701149425286005,0.0038074712643678676
3775.7505773672056,0.0038074712643678676,0.005344827586206913
3780.254041570439,0.0022701149425286005,0.0038074712643678676
3784.757505773672,0.0022701149425286005,0.0038074712643678676
3789.260969976905,0.0022701149425286005,0.005344827586206913
3793.764434180139,0.0038074712643678676,0.005344827586206913
3798.267898383372,0.0038074712643678676,0.005344827586206913
3802.771362586605,0.0038074712643678676,0.005344827586206913
3807.2748267898382,0.0038074712643678676,0.005344827586206913
3811.7782909930716,0.0022701149425286005,0.0038074712643678676
3816.281755196305,0.0022701149425286005,0.005344827586206913
3820.785219399538,0.0022701149425286005,0.0038074712643678676
3825.2886836027715,0.0022701149425286005,0.0038074712643678676
3829.7921478060043,0.0022701149425286005,0.0038074712643678676
3834.295612009238,0.0022701149425286005,0.0038074712643678676
3838.799076212471,0.0022701149425286005,0.0038074712643678676
3843.3025404157042,0.0022701149425286005,0.0038074712643678676
3847.8060046189375,0.0022701149425286005,0.0038074712643678676
3852.309468822171,0.0022701149425286005,0.0038074712643678676
3856.812933025404,0.0022701149425286005,0.0038074712643678676
3861.3163972286375,0.0038074712643678676,0.005344827586206913
3865.8198614318703,0.0022701149425286005,0.0038074712643678676
3870.323325635104,0.0022701149425286005,0.0038074712643678676
3874.8267898383374,0.0022701149425286005,0.0038074712643678676
3879.3302540415702,0.0022701149425286005,0.005344827586206913
3883.8337182448035,0.0038074712643678676,0.005344827586206913
3888.3371824480373,0.0038074712643678676,0.005344827586206913
3892.84064665127,0.0022701149425286005,0.0038074712643678676
3897.3441108545035,0.0022701149425286005,0.0038074712643678676
3901.847575057737,0.0022701149425286005,0.0038074712643678676
3906.35103926097,0.0022701149425286005,0.005344827586206913
3910.8545034642034,0.0007327586206895553,0.0038074712643678676
3915.3579676674362,0.0022701149425286005,0.0038074712643678676
3919.8614318706695,0.0022701149425286005,0.0038074712643678676
3924.3648960739033,0.0007327586206895553,0.0022701149425286005
3928.868360277136,0.0007327586206895553,0.0022701149425286005
3933.3718244803695,0.0022701149425286005,0.0038074712643678676
3937.875288683603,0.0022701149425286005,0.0038074712643678676
3942.378752886836,0.0022701149425286005,0.0038074712643678676
3946.8822170900694,0.0038074712643678676,0.005344827586206913
3951.3856812933027,0.0038074712643678676,0.005344827586206913
3955.8891454965355,0.0038074712643678676,0.005344827586206913
3960.392609699769,0.0038074712643678676,0.005344827586206913
3964.8960739030026,0.0038074712643678676,0.005344827586206913
3969.3995381062355,0.0038074712643678676,0.005344827586206913
3973.903002309469,0.0038074712643678676,0.005344827586206913
3978.406466512702,0.0038074712643678676,0.005344827586206913
3982.9099307159354,0.0038074712643678676,0.005344827586206913
3987.4133949191687,0.0038074712643678676,0.005344827586206913
3991.9168591224015,0.0022701149425286005,0.005344827586206913
3996.420323325635,0.0022701149425286005,0.0038074712643678676
4000.9237875288686,0.0038074712643678676,0.005344827586206913
4005.4272517321015,0.0038074712643678676,0.005344827586206913
4009.930715935335,0.0038074712643678676,0.005344827586206913
4014.434180138568,0.0038074712643678676,0.005344827586206913
4018.9376443418014,0.005344827586206913,0.008419540229885003
