380.1385681293302,0.07606321839080454,0.1191091954022988
384.64203233256353,0.1191091954022988,0.20366379310344818
389.1454965357968,0.04685344827586213,0.17291666666666672
393.64896073903003,0.01918103448275854,0.04685344827586213
398.1524249422633,0.008419540229885003,0.01918103448275854
402.65588914549653,0.0038074712643678676,0.008419540229885003
407.1593533487298,-0.0008045977011494898,0.0038074712643678676
411.66281755196303,-0.002341954022988535,0.0007327586206895553
416.16628175519634,0.0007327586206895553,0.0022701149425286005
420.66974595842953,0.0007327586206895553,0.005344827586206913
425.17321016166284,0.005344827586206913,0.006882183908045958
429.6766743648961,0.006882183908045958,0.008419540229885003
434.18013856812934,0.006882183908045958,0.008419540229885003
438.6836027713626,0.006882183908045958,0.008419540229885003
443.18706697459584,0.006882183908045958,0.008419540229885003
447.69053117782914,0.008419540229885003,0.009956896551724048
452.19399538106234,0.006882183908045958,0.008419540229885003
456.69745958429564,0.006882183908045958,0.009956896551724048
461.2009237875289,0.006882183908045958,0.008419540229885003
465.7043879907621,0.006882183908045958,0.008419540229885003
470.20785219399534,0.008419540229885003,0.009956896551724048
474.71131639722864,0.006882183908045958,0.008419540229885003
479.2147806004619,0.008419540229885003,0.009956896551724048
483.71824480369514,0.008419540229885003,0.009956896551724048
488.2217090069284,0.008419540229885003,0.011494252873563315
492.72517321016164,0.008419540229885003,0.009956896551724048
497.2286374133949,0.008419540229885003,0.009956896551724048
501.7321016166282,0.006882183908045958,0.008419540229885003
506.23556581986145,0.006882183908045958,0.009956896551724048
510.7390300230947,0.008419540229885003,0.009956896551724048
515.242494226328,0.008419540229885003,0.009956896551724048
519.7459584295611,0.008419540229885003,0.009956896551724048
524.2494226327944,0.008419540229885003,0.009956896551724048
528.7528868360278,0.008419540229885003,0.009956896551724048
533.2563510392611,0.008419540229885003,0.009956896551724048
537.7598152424941,0.008419540229885003,0.009956896551724048
542.2632794457274,0.008419540229885003,0.011494252873563315
546.7667436489608,0.008419540229885003,0.011494252873563315
551.2702078521941,0.009956896551724048,0.011494252873563315
555.7736720554273,0.011494252873563315,0.01303160919540236
560.2771362586604,0.011494252873563315,0.01303160919540236
564.7806004618938,0.011494252873563315,0.01303160919540236
569.2840646651271,0.01303160919540236,0.01610632183908045
573.7875288683603,0.01610632183908045,0.0237931034482759
578.2909930715936,0.0237931034482759,0.04992816091954011
582.7944572748268,0.04992816091954011,0.15446839080459762
587.2979214780601,0.04685344827586213,0.15446839080459762
591.8013856812934,0.025330459770114833,0.04685344827586213
596.3048498845266,0.017643678160919496,0.025330459770114833
600.8083140877598,0.014568965517241184,0.017643678160919496
605.3117782909931,0.014568965517241184,0.01610632183908045
609.8152424942264,0.014568965517241184,0.01610632183908045
614.3187066974596,0.01303160919540236,0.014568965517241184
618.8221709006928,0.01303160919540236,0.014568965517241184
623.3256351039261,0.01303160919540236,0.014568965517241184
627.8290993071594,0.01303160919540236,0.014568965517241184
632.3325635103927,0.014568965517241184,0.01918103448275854
636.8360277136259,0.01918103448275854,0.022255747126436742
641.3394919168591,0.017643678160919496,0.01918103448275854
645.8429561200924,0.01918103448275854,0.0237931034482759
650.3464203233257,0.0237931034482759,0.03301724137931028
654.8498845265589,0.03301724137931028,0.04224137931034477
659.3533487297922,0.04224137931034477,0.04377873563218393
663.8568129330254,0.04070402298850573,0.045316091954022975
668.3602771362587,0.045316091954022975,0.062227011494252915
672.863741339492,0.062227011494252915,0.10681034482758622
677.3672055427252,0.10681034482758622,0.25285919540229884
681.8706697459585,0.25285919540229884,0.7171408045977011
686.3741339491917,0.7171408045977011,1.0077011494252874
690.877598152425,0.5464942528735632,0.9462068965517242
695.3810623556583,0.239022988505747,0.5464942528735632
699.8845265588914,0.09912356321839078,0.239022988505747
704.3879907621247,0.05454022988505747,0.09912356321839078
708.891454965358,0.03916666666666668,0.05454022988505747
713.3949191685913,0.034554597701149325,0.03916666666666668
717.8983833718245,0.03301724137931028,0.03916666666666668
722.4018475750578,0.03916666666666668,0.07760057471264359
726.905311778291,0.07760057471264359,0.2574712643678161
731.4087759815242,0.2574712643678161,0.3266522988505747
735.9122401847575,0.10988505747126442,0.2651580459770114
740.4157043879907,0.05300287356321831,0.10988505747126442
744.919168591224,0.03301724137931028,0.05300287356321831
749.4226327944573,0.025330459770114833,0.03301724137931028
753.9260969976905,0.020718390804597697,0.025330459770114833
758.4295612009238,0.01610632183908045,0.020718390804597697
762.933025404157,0.014568965517241184,0.01610632183908045
767.4364896073903,0.01303160919540236,0.014568965517241184
771.9399538106235,0.011494252873563315,0.01303160919540236
776.4434180138568,0.011494252873563315,0.01303160919540236
780.9468822170901,0.009956896551724048,0.011494252873563315
785.4503464203233,0.009956896551724048,0.011494252873563315
789.9538106235566,0.009956896551724048,0.011494252873563315
794.4572748267898,0.011494252873563315,0.01303160919540236
798.9607390300231,0.009956896551724048,0.011494252873563315
803.4642032332564,0.008419540229885003,0.009956896551724048
807.9676674364896,0.008419540229885003,0.009956896551724048
812.4711316397229,0.008419540229885003,0.009956896551724048
816.9745958429561,0.006882183908045958,0.009956896551724048
821.4780600461894,0.008419540229885003,0.009956896551724048
825.9815242494227,0.008419540229885003,0.009956896551724048
830.4849884526559,0.008419540229885003,0.009956896551724048
834.9884526558892,0.008419540229885003,0.009956896551724048
839.4919168591224,0.006882183908045958,0.008419540229885003
843.9953810623557,0.006882183908045958,0.009956896551724048
848.4988452655889,0.008419540229885003,0.009956896551724048
853.0023094688222,0.008419540229885003,0.009956896551724048
857.5057736720555,0.008419540229885003,0.009956896551724048
862.0092378752887,0.009956896551724048,0.01303160919540236
866.512702078522,0.011494252873563315,0.01303160919540236
871.0161662817552,0.011494252873563315,0.01303160919540236
875.5196304849884,0.011494252873563315,0.01303160919540236
880.0230946882217,0.009956896551724048,0.011494252873563315
884.5265588914549,0.009956896551724048,0.011494252873563315
889.0300230946882,0.008419540229885003,0.009956896551724048
893.5334872979214,0.008419540229885003,0.009956896551724048
898.0369515011547,0.008419540229885003,0.009956896551724048
902.540415704388,0.008419540229885003,0.009956896551724048
907.0438799076212,0.008419540229885003,0.009956896551724048
911.5473441108545,0.008419540229885003,0.009956896551724048
916.0508083140877,0.009956896551724048,0.011494252873563315
920.554272517321,0.009956896551724048,0.01303160919540236
925.0577367205542,0.011494252873563315,0.01303160919540236
929.5612009237875,0.011494252873563315,0.01303160919540236
934.0646651270208,0.011494252873563315,0.01303160919540236
938.568129330254,0.011494252873563315,0.01303160919540236
943.0715935334873,0.011494252873563315,0.01303160919540236
947.5750577367205,0.011494252873563315,0.01303160919540236
952.0785219399538,0.011494252873563315,0.014568965517241184
956.5819861431871,0.01303160919540236,0.01610632183908045
961.0854503464203,0.01610632183908045,0.020718390804597697
965.5889145496536,0.020718390804597697,0.028405172413793034
970.0923787528868,0.028405172413793034,0.04992816091954011
974.5958429561201,0.04992816091954011,0.19290229885057475
979.0993071593533,0.07913793103448274,0.20366379310344818
983.6027713625866,0.03762931034482753,0.07913793103448274
988.1062355658199,0.028405172413793034,0.03762931034482753
992.6096997690531,0.02686781609195399,0.028405172413793034
997.1131639722864,0.028405172413793034,0.031479885057471235
1001.6166281755196,0.031479885057471235,0.03609195402298848
1006.1200923787529,0.03609195402298848,0.045316091954022975
1010.6235565819862,0.045316091954022975,0.0714511494252873
1015.1270207852194,0.0714511494252873,0.19597701149425295
1019.6304849884527,0.0683764367816091,0.19597701149425295
1024.133949191686,0.034554597701149325,0.0683764367816091
1028.6374133949191,0.028405172413793034,0.034554597701149325
1033.1408775981524,0.025330459770114833,0.02686781609195399
1037.6443418013855,0.025330459770114833,0.02686781609195399
1042.1478060046188,0.025330459770114833,0.02994252873563208
1046.6512702078521,0.02994252873563208,0.04070402298850573
1051.1547344110854,0.04070402298850573,0.08221264367816095
1055.6581986143187,0.08221264367816095,0.10527298850574707
1060.161662817552,0.03762931034482753,0.08836206896551724
1064.6651270207853,0.025330459770114833,0.03762931034482753
1069.1685912240184,0.022255747126436742,0.025330459770114833
1073.6720554272517,0.01918103448275854,0.022255747126436742
1078.1755196304848,0.017643678160919496,0.01918103448275854
1082.6789838337181,0.017643678160919496,0.01918103448275854
1087.1824480369514,0.014568965517241184,0.017643678160919496
1091.6859122401847,0.014568965517241184,0.01610632183908045
1096.189376443418,0.014568965517241184,0.01610632183908045
1100.6928406466513,0.014568965517241184,0.01610632183908045
1105.1963048498847,0.014568965517241184,0.01610632183908045
1109.6997690531177,0.014568965517241184,0.01610632183908045
1114.203233256351,0.014568965517241184,0.017643678160919496
1118.7066974595843,0.01610632183908045,0.01918103448275854
1123.2101616628174,0.01918103448275854,0.0237931034482759
1127.7136258660507,0.0237931034482759,0.04070402298850573
1132.217090069284,0.04070402298850573,0.08374999999999999
1136.7205542725173,0.051465517241379266,0.08682471264367819
1141.2240184757507,0.025330459770114833,0.051465517241379266
1145.727482678984,0.01918103448275854,0.025330459770114833
1150.2309468822173,0.01610632183908045,0.01918103448275854
1154.7344110854503,0.01303160919540236,0.01610632183908045
1159.2378752886837,0.011494252873563315,0.01303160919540236
1163.741339491917,0.011494252873563315,0.01303160919540236
1168.24480369515,0.011494252873563315,0.01303160919540236
1172.7482678983833,0.011494252873563315,0.01303160919540236
1177.2517321016167,0.011494252873563315,0.01303160919540236
1181.75519630485,0.011494252873563315,0.014568965517241184
1186.258660508083,0.01303160919540236,0.01610632183908045
1190.7621247113166,0.01610632183908045,0.022255747126436742
1195.2655889145497,0.022255747126436742,0.02686781609195399
1199.7690531177827,0.02686781609195399,0.045316091954022975
1204.272517321016,0.045316091954022975,0.08221264367816095
1208.7759815242493,0.04070402298850573,0.08221264367816095
1213.2794457274827,0.0237931034482759,0.04070402298850573
1217.782909930716,0.017643678160919496,0.0237931034482759
1222.2863741339493,0.01303160919540236,0.017643678160919496
1226.7898383371826,0.011494252873563315,0.01303160919540236
1231.2933025404157,0.009956896551724048,0.011494252873563315
1235.796766743649,0.009956896551724048,0.011494252873563315
1240.3002309468823,0.008419540229885003,0.009956896551724048
1244.8036951501156,0.008419540229885003,0.009956896551724048
1249.3071593533487,0.008419540229885003,0.009956896551724048
1253.810623556582,0.008419540229885003,0.009956896551724048
1258.3140877598153,0.006882183908045958,0.009956896551724048
1262.8175519630483,0.006882183908045958,0.008419540229885003
1267.3210161662819,0.006882183908045958,0.008419540229885003
1271.824480369515,0.006882183908045958,0.009956896551724048
1276.3279445727483,0.008419540229885003,0.009956896551724048
1280.8314087759813,0.009956896551724048,0.011494252873563315
1285.3348729792149,0.009956896551724048,0.011494252873563315
1289.838337182448,0.008419540229885003,0.009956896551724048
1294.3418013856813,0.008419540229885003,0.009956896551724048
1298.8452655889146,0.006882183908045958,0.009956896551724048
1303.3487297921479,0.006882183908045958,0.008419540229885003
1307.852193995381,0.006882183908045958,0.008419540229885003
1312.3556581986143,0.006882183908045958,0.008419540229885003
1316.8591224018476,0.006882183908045958,0.008419540229885003
1321.3625866050809,0.006882183908045958,0.008419540229885003
1325.866050808314,0.008419540229885003,0.009956896551724048
1330.3695150115475,0.008419540229885003,0.009956896551724048
1334.8729792147806,0.009956896551724048,0.011494252873563315
1339.3764434180139,0.011494252873563315,0.01303160919540236
1343.879907621247,0.01303160919540236,0.01610632183908045
1348.3833718244805,0.014568965517241184,0.01610632183908045
1352.8868360277136,0.014568965517241184,0.01610632183908045
1357.3903002309469,0.014568965517241184,0.017643678160919496
1361.8937644341802,0.017643678160919496,0.01918103448275854
1366.3972286374135,0.017643678160919496,0.01918103448275854
1370.9006928406466,0.01610632183908045,0.01918103448275854
1375.40415704388,0.01610632183908045,0.017643678160919496
1379.9076212471132,0.014568965517241184,0.01610632183908045
1384.4110854503465,0.014568965517241184,0.01610632183908045
1388.9145496535796,0.01610632183908045,0.017643678160919496
1393.418013856813,0.017643678160919496,0.01918103448275854
1397.9214780600462,0.017643678160919496,0.020718390804597697
1402.4249422632795,0.01918103448275854,0.020718390804597697
1406.9284064665128,0.020718390804597697,0.025330459770114833
1411.4318706697459,0.025330459770114833,0.03301724137931028
1415.9353348729792,0.03301724137931028,0.05607758620689651
1420.4387990762123,0.05607758620689651,0.12679597701149425
1424.9422632794458,0.12679597701149425,0.4158189655172413
1429.4457274826789,0.4158189655172413,0.7755603448275862
1433.9491916859122,0.12987068965517246,0.6433477011494253
1438.4526558891455,0.05607758620689651,0.12987068965517246
1442.9561200923788,0.034554597701149325,0.05607758620689651
1447.4595842956119,0.0237931034482759,0.034554597701149325
1451.9630484988454,0.020718390804597697,0.0237931034482759
1456.4665127020785,0.01918103448275854,0.020718390804597697
1460.9699769053118,0.017643678160919496,0.020718390804597697
1465.4734411085449,0.020718390804597697,0.031479885057471235
1469.9769053117784,0.031479885057471235,0.08682471264367819
1474.4803695150115,0.08682471264367819,0.14524425287356324
1478.9838337182448,0.031479885057471235,0.10988505747126442
1483.487297921478,0.01918103448275854,0.031479885057471235
1487.9907621247114,0.014568965517241184,0.01918103448275854
1492.4942263279445,0.01303160919540236,0.014568965517241184
1496.9976905311778,0.011494252873563315,0.01303160919540236
1501.501154734411,0.009956896551724048,0.011494252873563315
1506.0046189376444,0.009956896551724048,0.011494252873563315
1510.5080831408775,0.009956896551724048,0.011494252873563315
1515.011547344111,0.008419540229885003,0.009956896551724048
1519.515011547344,0.008419540229885003,0.009956896551724048
1524.0184757505774,0.009956896551724048,0.011494252873563315
1528.5219399538107,0.009956896551724048,0.011494252873563315
1533.025404157044,0.009956896551724048,0.011494252873563315
1537.528868360277,0.009956896551724048,0.01303160919540236
1542.0323325635104,0.011494252873563315,0.014568965517241184
1546.5357967667437,0.014568965517241184,0.01610632183908045
1551.0392609699768,0.01610632183908045,0.01918103448275854
1555.54272517321,0.01918103448275854,0.034554597701149325
1560.0461893764434,0.034554597701149325,0.06376436781609196
1564.5496535796767,0.06376436781609196,0.17445402298850576
1569.0531177829098,0.17445402298850576,0.2328735632183908
1573.556581986143,0.2328735632183908,0.42043103448275865
1578.0600461893764,0.1375574712643678,0.4065948275862069
1582.5635103926097,0.08836206896551724,0.1375574712643678
1587.0669745958428,0.08836206896551724,0.1252586206896552
1591.5704387990763,0.1252586206896552,0.16676724137931032
1596.0739030023094,0.04377873563218393,0.1314080459770115
1600.5773672055427,0.025330459770114833,0.04377873563218393
1605.080831408776,0.01918103448275854,0.025330459770114833
1609.5842956120093,0.017643678160919496,0.01918103448275854
1614.0877598152424,0.017643678160919496,0.01918103448275854
1618.5912240184757,0.017643678160919496,0.020718390804597697
1623.094688221709,0.020718390804597697,0.02686781609195399
1627.5981524249423,0.025330459770114833,0.02994252873563208
1632.1016166281754,0.01918103448275854,0.025330459770114833
1636.605080831409,0.01918103448275854,0.020718390804597697
1641.108545034642,0.01610632183908045,0.017643678160919496
1645.6120092378753,0.01303160919540236,0.01610632183908045
1650.1154734411084,0.01303160919540236,0.014568965517241184
1654.618937644342,0.01303160919540236,0.014568965517241184
1659.122401847575,0.011494252873563315,0.01303160919540236
1663.6258660508083,0.011494252873563315,0.01303160919540236
1668.1293302540416,0.011494252873563315,0.014568965517241184
1672.632794457275,0.01303160919540236,0.014568965517241184
1677.136258660508,0.01303160919540236,0.01610632183908045
1681.6397228637413,0.014568965517241184,0.01610632183908045
1686.1431870669746,0.01303160919540236,0.01610632183908045
1690.646651270208,0.011494252873563315,0.014568965517241184
1695.150115473441,0.009956896551724048,0.011494252873563315
1699.6535796766743,0.009956896551724048,0.011494252873563315
1704.1570438799076,0.008419540229885003,0.009956896551724048
1708.6605080831407,0.008419540229885003,0.009956896551724048
1713.1639722863742,0.008419540229885003,0.009956896551724048
1717.6674364896073,0.008419540229885003,0.011494252873563315
1722.1709006928406,0.008419540229885003,0.009956896551724048
1726.6743648960737,0.008419540229885003,0.009956896551724048
1731.1778290993072,0.008419540229885003,0.009956896551724048
1735.6812933025403,0.008419540229885003,0.009956896551724048
1740.1847575057736,0.008419540229885003,0.009956896551724048
1744.688221709007,0.008419540229885003,0.009956896551724048
1749.1916859122402,0.008419540229885003,0.009956896551724048
1753.6951501154733,0.008419540229885003,0.009956896551724048
1758.1986143187066,0.008419540229885003,0.009956896551724048
1762.70207852194,0.008419540229885003,0.011494252873563315
1767.2055427251732,0.008419540229885003,0.009956896551724048
1771.7090069284063,0.008419540229885003,0.009956896551724048
1776.2124711316399,0.008419540229885003,0.009956896551724048
1780.715935334873,0.008419540229885003,0.009956896551724048
1785.2193995381062,0.006882183908045958,0.008419540229885003
1789.7228637413396,0.006882183908045958,0.008419540229885003
1794.2263279445729,0.008419540229885003,0.009956896551724048
1798.729792147806,0.008419540229885003,0.009956896551724048
1803.2332563510392,0.008419540229885003,0.009956896551724048
1807.7367205542726,0.008419540229885003,0.009956896551724048
1812.2401847575059,0.008419540229885003,0.009956896551724048
1816.743648960739,0.009956896551724048,0.011494252873563315
1821.2471131639725,0.009956896551724048,0.011494252873563315
1825.7505773672056,0.009956896551724048,0.011494252873563315
1830.2540415704389,0.008419540229885003,0.009956896551724048
1834.757505773672,0.008419540229885003,0.009956896551724048
1839.2609699769055,0.008419540229885003,0.009956896551724048
1843.7644341801386,0.009956896551724048,0.011494252873563315
1848.2678983833719,0.011494252873563315,0.01303160919540236
1852.7713625866052,0.01303160919540236,0.014568965517241184
1857.2748267898382,0.014568965517241184,0.017643678160919496
1861.7782909930716,0.017643678160919496,0.01918103448275854
1866.2817551963049,0.01918103448275854,0.020718390804597697
1870.7852193995382,0.01918103448275854,0.020718390804597697
1875.2886836027712,0.017643678160919496,0.020718390804597697
1879.7921478060046,0.017643678160919496,0.01918103448275854
1884.2956120092379,0.014568965517241184,0.017643678160919496
1888.7990762124712,0.014568965517241184,0.01610632183908045
1893.3025404157042,0.01303160919540236,0.014568965517241184
1897.8060046189378,0.01303160919540236,0.01610632183908045
1902.3094688221709,0.014568965517241184,0.01610632183908045
1906.8129330254042,0.01610632183908045,0.020718390804597697
1911.3163972286372,0.020718390804597697,0.0237931034482759
1915.8198614318708,0.0237931034482759,0.02686781609195399
1920.3233256351039,0.02686781609195399,0.028405172413793034
1924.8267898383372,0.0237931034482759,0.02686781609195399
1929.3302540415705,0.022255747126436742,0.0237931034482759
1933.8337182448038,0.01918103448275854,0.022255747126436742
1938.3371824480369,0.017643678160919496,0.01918103448275854
1942.8406466512704,0.01610632183908045,0.017643678160919496
1947.3441108545035,0.01610632183908045,0.017643678160919496
1951.8475750577368,0.01303160919540236,0.01610632183908045
1956.3510392609699,0.01303160919540236,0.014568965517241184
1960.8545034642034,0.011494252873563315,0.014568965517241184
1965.3579676674365,0.01303160919540236,0.014568965517241184
1969.8614318706698,0.01303160919540236,0.01610632183908045
1974.364896073903,0.014568965517241184,0.017643678160919496
1978.8683602771364,0.017643678160919496,0.01918103448275854
1983.3718244803695,0.01918103448275854,0.020718390804597697
1987.8752886836028,0.01918103448275854,0.020718390804597697
1992.378752886836,0.017643678160919496,0.01918103448275854
1996.8822170900694,0.01610632183908045,0.017643678160919496
2001.3856812933025,0.014568965517241184,0.01610632183908045
2005.8891454965358,0.014568965517241184,0.01610632183908045
2010.392609699769,0.01303160919540236,0.014568965517241184
2014.8960739030022,0.011494252873563315,0.01303160919540236
2019.3995381062355,0.011494252873563315,0.01303160919540236
2023.9030023094688,0.011494252873563315,0.01303160919540236
2028.406466512702,0.011494252873563315,0.01303160919540236
2032.9099307159352,0.011494252873563315,0.01303160919540236
2037.4133949191687,0.011494252873563315,0.01303160919540236
2041.9168591224018,0.009956896551724048,0.011494252873563315
2046.420323325635,0.009956896551724048,0.011494252873563315
2050.923787528868,0.008419540229885003,0.009956896551724048
2055.4272517321015,0.008419540229885003,0.009956896551724048
2059.930715935335,0.008419540229885003,0.009956896551724048
2064.434180138568,0.008419540229885003,0.009956896551724048
2068.9376443418014,0.008419540229885003,0.009956896551724048
2073.4411085450347,0.008419540229885003,0.009956896551724048
2077.944572748268,0.008419540229885003,0.009956896551724048
2082.4480369515013,0.008419540229885003,0.009956896551724048
2086.9515011547346,0.008419540229885003,0.009956896551724048
2091.454965357968,0.008419540229885003,0.009956896551724048
2095.958429561201,0.008419540229885003,0.009956896551724048
2100.4618937644345,0.008419540229885003,0.009956896551724048
2104.9653579676674,0.008419540229885003,0.009956896551724048
2109.4688221709007,0.008419540229885003,0.009956896551724048
2113.972286374134,0.008419540229885003,0.009956896551724048
2118.4757505773673,0.009956896551724048,0.011494252873563315
2122.9792147806,0.009956896551724048,0.011494252873563315
2127.482678983834,0.009956896551724048,0.011494252873563315
2131.986143187067,0.009956896551724048,0.011494252873563315
2136.4896073903,0.009956896551724048,0.011494252873563315
2140.9930715935334,0.009956896551724048,0.011494252873563315
2145.4965357967667,0.008419540229885003,0.009956896551724048
2150.0,0.008419540229885003,0.009956896551724048
2154.5034642032333,0.008419540229885003,0.009956896551724048
2159.0069284064666,0.008419540229885003,0.009956896551724048
2163.5103926097,0.008419540229885003,0.009956896551724048
2168.013856812933,0.008419540229885003,0.009956896551724048
2172.517321016166,0.008419540229885003,0.009956896551724048
2177.0207852194,0.008419540229885003,0.009956896551724048
2181.524249422633,0.008419540229885003,0.009956896551724048
2186.027713625866,0.008419540229885003,0.009956896551724048
2190.5311778290993,0.008419540229885003,0.009956896551724048
2195.034642032332,0.009956896551724048,0.011494252873563315
2199.5381062355655,0.009956896551724048,0.011494252873563315
2204.041570438799,0.009956896551724048,0.011494252873563315
2208.545034642032,0.011494252873563315,0.01303160919540236
2213.0484988452654,0.011494252873563315,0.01303160919540236
2217.5519630484987,0.009956896551724048,0.011494252873563315
2222.055427251732,0.009956896551724048,0.011494252873563315
2226.5588914549653,0.008419540229885003,0.009956896551724048
2231.0623556581986,0.008419540229885003,0.009956896551724048
2235.565819861432,0.008419540229885003,0.009956896551724048
2240.069284064665,0.008419540229885003,0.009956896551724048
2244.5727482678985,0.008419540229885003,0.009956896551724048
2249.0762124711314,0.009956896551724048,0.011494252873563315
2253.579676674365,0.009956896551724048,0.011494252873563315
2258.0831408775985,0.009956896551724048,0.011494252873563315
2262.5866050808313,0.009956896551724048,0.011494252873563315
2267.0900692840646,0.009956896551724048,0.011494252873563315
2271.593533487298,0.011494252873563315,0.01303160919540236
2276.096997690531,0.009956896551724048,0.011494252873563315
2280.6004618937645,0.009956896551724048,0.011494252873563315
2285.1039260969974,0.011494252873563315,0.01303160919540236
2289.607390300231,0.011494252873563315,0.01303160919540236
2294.1108545034645,0.01303160919540236,0.014568965517241184
2298.6143187066973,0.01303160919540236,0.014568965517241184
2303.1177829099306,0.011494252873563315,0.01303160919540236
2307.621247113164,0.011494252873563315,0.01303160919540236
2312.124711316397,0.009956896551724048,0.011494252873563315
2316.6281755196305,0.009956896551724048,0.011494252873563315
2321.131639722864,0.009956896551724048,0.011494252873563315
2325.6351039260967,0.008419540229885003,0.009956896551724048
2330.1385681293305,0.008419540229885003,0.009956896551724048
2334.6420323325638,0.008419540229885003,0.009956896551724048
2339.1454965357966,0.008419540229885003,0.009956896551724048
2343.64896073903,0.008419540229885003,0.009956896551724048
2348.152424942263,0.008419540229885003,0.009956896551724048
2352.6558891454965,0.008419540229885003,0.011494252873563315
2357.15935334873,0.009956896551724048,0.011494252873563315
2361.6628175519627,0.009956896551724048,0.011494252873563315
2366.1662817551965,0.011494252873563315,0.01303160919540236
2370.6697459584298,0.011494252873563315,0.01303160919540236
2375.1732101616626,0.009956896551724048,0.011494252873563315
2379.676674364896,0.009956896551724048,0.011494252873563315
2384.1801385681297,0.009956896551724048,0.011494252873563315
2388.6836027713625,0.009956896551724048,0.011494252873563315
2393.187066974596,0.009956896551724048,0.011494252873563315
2397.690531177829,0.008419540229885003,0.009956896551724048
2402.1939953810625,0.009956896551724048,0.011494252873563315
2406.6974595842958,0.009956896551724048,0.011494252873563315
2411.200923787529,0.009956896551724048,0.011494252873563315
2415.704387990762,0.009956896551724048,0.011494252873563315
2420.2078521939957,0.009956896551724048,0.011494252873563315
2424.7113163972285,0.009956896551724048,0.01303160919540236
2429.214780600462,0.011494252873563315,0.01303160919540236
2433.718244803695,0.011494252873563315,0.01303160919540236
2438.2217090069284,0.011494252873563315,0.01303160919540236
2442.7251732101618,0.011494252873563315,0.01303160919540236
2447.228637413395,0.011494252873563315,0.01303160919540236
2451.732101616628,0.01303160919540236,0.014568965517241184
2456.235565819861,0.01303160919540236,0.01610632183908045
2460.739030023095,0.01303160919540236,0.014568965517241184
2465.242494226328,0.011494252873563315,0.01303160919540236
2469.745958429561,0.009956896551724048,0.011494252873563315
2474.2494226327944,0.009956896551724048,0.011494252873563315
2478.7528868360278,0.009956896551724048,0.011494252873563315
2483.256351039261,0.009956896551724048,0.011494252873563315
2487.759815242494,0.011494252873563315,0.01303160919540236
2492.263279445727,0.011494252873563315,0.01303160919540236
2496.766743648961,0.011494252873563315,0.01303160919540236
2501.270207852194,0.009956896551724048,0.011494252873563315
2505.773672055427,0.009956896551724048,0.011494252873563315
2510.2771362586604,0.011494252873563315,0.01303160919540236
2514.7806004618938,0.011494252873563315,0.01303160919540236
2519.284064665127,0.009956896551724048,0.011494252873563315
2523.7875288683604,0.009956896551724048,0.011494252873563315
2528.290993071593,0.009956896551724048,0.011494252873563315
2532.794457274827,0.009956896551724048,0.011494252873563315
2537.2979214780603,0.009956896551724048,0.011494252873563315
2541.801385681293,0.009956896551724048,0.011494252873563315
2546.3048498845264,0.009956896551724048,0.011494252873563315
2550.80831408776,0.009956896551724048,0.011494252873563315
2555.311778290993,0.009956896551724048,0.011494252873563315
2559.8152424942264,0.009956896551724048,0.011494252873563315
2564.318706697459,0.011494252873563315,0.01303160919540236
2568.822170900693,0.011494252873563315,0.01303160919540236
2573.3256351039263,0.011494252873563315,0.01303160919540236
2577.829099307159,0.011494252873563315,0.01303160919540236
2582.3325635103924,0.009956896551724048,0.011494252873563315
2586.836027713626,0.011494252873563315,0.01303160919540236
2591.339491916859,0.011494252873563315,0.01303160919540236
2595.8429561200924,0.011494252873563315,0.01303160919540236
2600.3464203233257,0.011494252873563315,0.01303160919540236
2604.849884526559,0.011494252873563315,0.01303160919540236
2609.3533487297923,0.011494252873563315,0.01303160919540236
2613.8568129330256,0.011494252873563315,0.01303160919540236
2618.3602771362584,0.009956896551724048,0.011494252873563315
2622.8637413394918,0.009956896551724048,0.011494252873563315
2627.3672055427255,0.009956896551724048,0.011494252873563315
2631.8706697459584,0.011494252873563315,0.01303160919540236
2636.3741339491917,0.011494252873563315,0.01303160919540236
2640.8775981524245,0.011494252873563315,0.01303160919540236
2645.3810623556583,0.011494252873563315,0.01303160919540236
2649.8845265588916,0.011494252873563315,0.01303160919540236
2654.3879907621244,0.011494252873563315,0.01303160919540236
2658.8914549653578,0.011494252873563315,0.01303160919540236
2663.3949191685915,0.011494252873563315,0.01303160919540236
2667.8983833718244,0.011494252873563315,0.01303160919540236
2672.4018475750577,0.011494252873563315,0.01303160919540236
2676.905311778291,0.009956896551724048,0.011494252873563315
2681.4087759815243,0.009956896551724048,0.011494252873563315
2685.9122401847576,0.009956896551724048,0.011494252873563315
2690.415704387991,0.009956896551724048,0.011494252873563315
2694.9191685912238,0.011494252873563315,0.01303160919540236
2699.4226327944575,0.011494252873563315,0.01303160919540236
2703.926096997691,0.011494252873563315,0.01303160919540236
2708.4295612009237,0.011494252873563315,0.01303160919540236
2712.933025404157,0.011494252873563315,0.01303160919540236
2717.4364896073903,0.011494252873563315,0.01303160919540236
2721.9399538106236,0.009956896551724048,0.011494252873563315
2726.443418013857,0.009956896551724048,0.011494252873563315
2730.9468822170898,0.009956896551724048,0.011494252873563315
2735.4503464203235,0.009956896551724048,0.011494252873563315
2739.953810623557,0.009956896551724048,0.011494252873563315
2744.4572748267897,0.009956896551724048,0.011494252873563315
2748.960739030023,0.009956896551724048,0.011494252873563315
2753.4642032332563,0.009956896551724048,0.011494252873563315
2757.9676674364896,0.009956896551724048,0.011494252873563315
2762.471131639723,0.009956896551724048,0.011494252873563315
2766.974595842956,0.009956896551724048,0.011494252873563315
2771.478060046189,0.009956896551724048,0.011494252873563315
2775.981524249423,0.009956896551724048,0.011494252873563315
2780.484988452656,0.009956896551724048,0.01303160919540236
2784.988452655889,0.011494252873563315,0.01303160919540236
2789.4919168591223,0.011494252873563315,0.01303160919540236
2793.9953810623556,0.011494252873563315,0.01303160919540236
2798.498845265589,0.011494252873563315,0.01303160919540236
2803.002309468822,0.011494252873563315,0.01303160919540236
2807.505773672055,0.011494252873563315,0.01303160919540236
2812.009237875289,0.011494252873563315,0.01303160919540236
2816.512702078522,0.011494252873563315,0.01303160919540236
2821.016166281755,0.011494252873563315,0.01303160919540236
2825.5196304849883,0.011494252873563315,0.01303160919540236
2830.023094688222,0.011494252873563315,0.014568965517241184
2834.526558891455,0.01303160919540236,0.014568965517241184
2839.030023094688,0.01303160919540236,0.014568965517241184
2843.5334872979215,0.011494252873563315,0.01303160919540236
2848.036951501155,0.011494252873563315,0.01303160919540236
2852.540415704388,0.011494252873563315,0.01303160919540236
2857.0438799076214,0.011494252873563315,0.014568965517241184
2861.5473441108543,0.011494252873563315,0.014568965517241184
2866.050808314088,0.011494252873563315,0.01303160919540236
2870.554272517321,0.011494252873563315,0.01303160919540236
2875.057736720554,0.01303160919540236,0.014568965517241184
2879.5612009237875,0.01303160919540236,0.014568965517241184
2884.064665127021,0.01303160919540236,0.014568965517241184
2888.568129330254,0.01303160919540236,0.014568965517241184
2893.0715935334874,0.01303160919540236,0.014568965517241184
2897.5750577367203,0.01303160919540236,0.01610632183908045
2902.0785219399536,0.014568965517241184,0.01610632183908045
2906.5819861431874,0.014568965517241184,0.01610632183908045
2911.08545034642,0.01610632183908045,0.01918103448275854
2915.5889145496535,0.01918103448275854,0.022255747126436742
2920.092378752887,0.022255747126436742,0.0237931034482759
2924.59584295612,0.020718390804597697,0.022255747126436742
2929.0993071593534,0.020718390804597697,0.022255747126436742
2933.6027713625867,0.020718390804597697,0.022255747126436742
2938.1062355658196,0.020718390804597697,0.022255747126436742
2942.6096997690533,0.020718390804597697,0.0237931034482759
2947.113163972286,0.020718390804597697,0.022255747126436742
2951.6166281755195,0.020718390804597697,0.022255747126436742
2956.120092378753,0.022255747126436742,0.0237931034482759
2960.623556581986,0.0237931034482759,0.02686781609195399
2965.1270207852194,0.02686781609195399,0.028405172413793034
2969.6304849884527,0.025330459770114833,0.02686781609195399
2974.1339491916856,0.025330459770114833,0.02686781609195399
2978.6374133949193,0.025330459770114833,0.028405172413793034
2983.1408775981527,0.028405172413793034,0.02994252873563208
2987.6443418013855,0.02994252873563208,0.034554597701149325
2992.147806004619,0.034554597701149325,0.03916666666666668
2996.6512702078526,0.03916666666666668,0.04685344827586213
3001.1547344110854,0.04685344827586213,0.05454022988505747
3005.6581986143187,0.05454022988505747,0.0714511494252873
3010.161662817552,0.0714511494252873,0.08989942528735628
3014.6651270207853,0.06683908045977016,0.08682471264367819
3019.1685912240187,0.05761494252873556,0.06683908045977016
3023.6720554272515,0.06068965517241376,0.0745258620689655
3028.175519630485,0.0745258620689655,0.10219827586206898
3032.6789838337186,0.10219827586206898,0.12372126436781605
3037.1824480369514,0.12218390804597701,0.1252586206896552
3041.6859122401847,0.11142241379310336,0.12218390804597701
3046.189376443418,0.09451149425287353,0.11142241379310336
3050.6928406466513,0.07606321839080454,0.09451149425287353
3055.1963048498847,0.0714511494252873,0.07606321839080454
3059.699769053118,0.0745258620689655,0.08528735632183904
3064.203233256351,0.08374999999999999,0.08528735632183904
3068.706697459584,0.07606321839080454,0.08528735632183904
3073.210161662818,0.0714511494252873,0.07606321839080454
3077.7136258660507,0.0714511494252873,0.07606321839080454
3082.217090069284,0.07606321839080454,0.09143678160919533
3086.7205542725173,0.09143678160919533,0.11449712643678156
3091.2240184757507,0.10066091954022982,0.11757183908045976
3095.727482678984,0.065301724137931,0.10066091954022982
3100.230946882217,0.04685344827586213,0.065301724137931
3104.73441108545,0.03762931034482753,0.04685344827586213
3109.237875288684,0.03301724137931028,0.03762931034482753
3113.7413394919167,0.02994252873563208,0.03301724137931028
3118.24480369515,0.02686781609195399,0.02994252873563208
3122.7482678983833,0.025330459770114833,0.02686781609195399
3127.2517321016167,0.0237931034482759,0.025330459770114833
3131.75519630485,0.0237931034482759,0.025330459770114833
3136.2586605080833,0.022255747126436742,0.025330459770114833
3140.762124711316,0.022255747126436742,0.0237931034482759
3145.26558891455,0.022255747126436742,0.0237931034482759
3149.769053117783,0.022255747126436742,0.0237931034482759
3154.272517321016,0.022255747126436742,0.0237931034482759
3158.7759815242493,0.0237931034482759,0.025330459770114833
3163.2794457274827,0.020718390804597697,0.0237931034482759
3167.782909930716,0.01918103448275854,0.022255747126436742
3172.2863741339493,0.01918103448275854,0.020718390804597697
3176.789838337182,0.01918103448275854,0.020718390804597697
3181.293302540416,0.017643678160919496,0.020718390804597697
3185.796766743649,0.017643678160919496,0.01918103448275854
3190.300230946882,0.017643678160919496,0.01918103448275854
3194.8036951501153,0.017643678160919496,0.01918103448275854
3199.3071593533487,0.017643678160919496,0.01918103448275854
3203.810623556582,0.01610632183908045,0.017643678160919496
3208.3140877598153,0.01610632183908045,0.017643678160919496
3212.8175519630486,0.01610632183908045,0.017643678160919496
3217.3210161662814,0.01610632183908045,0.017643678160919496
3221.824480369515,0.01610632183908045,0.017643678160919496
3226.3279445727485,0.01610632183908045,0.017643678160919496
3230.8314087759813,0.01610632183908045,0.017643678160919496
3235.3348729792147,0.01610632183908045,0.017643678160919496
3239.838337182448,0.01610632183908045,0.017643678160919496
3244.3418013856813,0.01610632183908045,0.017643678160919496
3248.8452655889146,0.014568965517241184,0.01610632183908045
3253.3487297921474,0.01610632183908045,0.017643678160919496
3257.852193995381,0.01610632183908045,0.017643678160919496
3262.3556581986145,0.01610632183908045,0.017643678160919496
3266.8591224018473,0.01610632183908045,0.017643678160919496
3271.3625866050807,0.01610632183908045,0.017643678160919496
3275.8660508083144,0.01610632183908045,0.017643678160919496
3280.3695150115473,0.01610632183908045,0.017643678160919496
3284.8729792147806,0.01610632183908045,0.017643678160919496
3289.376443418014,0.01610632183908045,0.017643678160919496
3293.879907621247,0.01610632183908045,0.017643678160919496
3298.3833718244805,0.01610632183908045,0.017643678160919496
3302.886836027714,0.017643678160919496,0.01918103448275854
3307.3903002309467,0.017643678160919496,0.01918103448275854
3311.8937644341804,0.017643678160919496,0.01918103448275854
3316.3972286374133,0.017643678160919496,0.01918103448275854
3320.9006928406466,0.017643678160919496,0.01918103448275854
3325.40415704388,0.017643678160919496,0.01918103448275854
3329.907621247113,0.017643678160919496,0.01918103448275854
3334.4110854503465,0.017643678160919496,0.01918103448275854
3338.91454965358,0.017643678160919496,0.01918103448275854
3343.4180138568126,0.017643678160919496,0.01918103448275854
3347.9214780600464,0.017643678160919496,0.01918103448275854
3352.4249422632797,0.017643678160919496,0.01918103448275854
3356.9284064665126,0.017643678160919496,0.01918103448275854
3361.431870669746,0.017643678160919496,0.01918103448275854
3365.935334872979,0.01918103448275854,0.020718390804597697
3370.4387990762125,0.01918103448275854,0.020718390804597697
3374.942263279446,0.01918103448275854,0.020718390804597697
3379.445727482679,0.01918103448275854,0.020718390804597697
3383.949191685912,0.01918103448275854,0.020718390804597697
3388.4526558891457,0.020718390804597697,0.022255747126436742
3392.9561200923786,0.020718390804597697,0.022255747126436742
3397.459584295612,0.020718390804597697,0.022255747126436742
3401.963048498845,0.020718390804597697,0.022255747126436742
3406.4665127020785,0.020718390804597697,0.022255747126436742
3410.969976905312,0.020718390804597697,0.022255747126436742
3415.473441108545,0.020718390804597697,0.022255747126436742
3419.976905311778,0.020718390804597697,0.022255747126436742
3424.4803695150117,0.020718390804597697,0.022255747126436742
3428.983833718245,0.020718390804597697,0.022255747126436742
3433.487297921478,0.020718390804597697,0.022255747126436742
3437.990762124711,0.020718390804597697,0.022255747126436742
3442.494226327945,0.020718390804597697,0.022255747126436742
3446.997690531178,0.020718390804597697,0.022255747126436742
3451.501154734411,0.020718390804597697,0.022255747126436742
3456.0046189376444,0.020718390804597697,0.022255747126436742
3460.5080831408777,0.020718390804597697,0.022255747126436742
3465.011547344111,0.020718390804597697,0.022255747126436742
3469.515011547344,0.020718390804597697,0.022255747126436742
3474.018475750577,0.020718390804597697,0.022255747126436742
3478.521939953811,0.01918103448275854,0.020718390804597697
3483.025404157044,0.01918103448275854,0.020718390804597697
3487.528868360277,0.01918103448275854,0.020718390804597697
3492.0323325635104,0.01918103448275854,0.020718390804597697
3496.5357967667437,0.01918103448275854,0.020718390804597697
3501.039260969977,0.017643678160919496,0.01918103448275854
3505.5427251732103,0.017643678160919496,0.01918103448275854
3510.046189376443,0.017643678160919496,0.01918103448275854
3514.5496535796765,0.017643678160919496,0.01918103448275854
3519.0531177829102,0.017643678160919496,0.01918103448275854
3523.556581986143,0.01610632183908045,0.01918103448275854
3528.0600461893764,0.01610632183908045,0.017643678160919496
3532.5635103926097,0.01610632183908045,0.017643678160919496
3537.066974595843,0.014568965517241184,0.01610632183908045
3541.5704387990763,0.014568965517241184,0.01610632183908045
3546.073903002309,0.014568965517241184,0.01610632183908045
3550.5773672055425,0.014568965517241184,0.01610632183908045
3555.0808314087762,0.014568965517241184,0.01610632183908045
3559.584295612009,0.014568965517241184,0.01610632183908045
3564.0877598152424,0.014568965517241184,0.01610632183908045
3568.5912240184757,0.014568965517241184,0.01610632183908045
3573.094688221709,0.01303160919540236,0.014568965517241184
3577.5981524249423,0.01303160919540236,0.014568965517241184
3582.1016166281756,0.01303160919540236,0.014568965517241184
3586.6050808314085,0.01303160919540236,0.014568965517241184
3591.1085450346422,0.01303160919540236,0.014568965517241184
3595.6120092378756,0.011494252873563315,0.014568965517241184
3600.1154734411084,0.01303160919540236,0.014568965517241184
3604.6189376443417,0.011494252873563315,0.01303160919540236
3609.1224018475755,0.011494252873563315,0.01303160919540236
3613.6258660508083,0.011494252873563315,0.01303160919540236
3618.1293302540416,0.011494252873563315,0.01303160919540236
3622.6327944572745,0.011494252873563315,0.01303160919540236
3627.1362586605082,0.011494252873563315,0.01303160919540236
3631.6397228637416,0.009956896551724048,0.011494252873563315
3636.1431870669744,0.009956896551724048,0.011494252873563315
3640.6466512702077,0.009956896551724048,0.011494252873563315
3645.150115473441,0.009956896551724048,0.01303160919540236
3649.6535796766743,0.009956896551724048,0.011494252873563315
3654.1570438799076,0.011494252873563315,0.01303160919540236
3658.660508083141,0.011494252873563315,0.01303160919540236
3663.163972286374,0.011494252873563315,0.01303160919540236
3667.6674364896076,0.011494252873563315,0.01303160919540236
3672.170900692841,0.011494252873563315,0.01303160919540236
3676.6743648960737,0.011494252873563315,0.01303160919540236
3681.177829099307,0.011494252873563315,0.01303160919540236
3685.681293302541,0.011494252873563315,0.014568965517241184
3690.1847575057736,0.01303160919540236,0.014568965517241184
3694.688221709007,0.011494252873563315,0.01303160919540236
3699.19168591224,0.011494252873563315,0.01303160919540236
3703.6951501154736,0.009956896551724048,0.011494252873563315
3708.198614318707,0.009956896551724048,0.011494252873563315
3712.7020785219397,0.008419540229885003,0.009956896551724048
3717.205542725173,0.008419540229885003,0.009956896551724048
3721.709006928407,0.008419540229885003,0.009956896551724048
3726.2124711316396,0.008419540229885003,0.009956896551724048
3730.715935334873,0.008419540229885003,0.009956896551724048
3735.2193995381062,0.008419540229885003,0.009956896551724048
3739.7228637413396,0.009956896551724048,0.011494252873563315
3744.226327944573,0.009956896551724048,0.011494252873563315
3748.729792147806,0.009956896551724048,0.011494252873563315
3753.233256351039,0.011494252873563315,0.01303160919540236
3757.736720554273,0.011494252873563315,0.01303160919540236
3762.240184757506,0.009956896551724048,0.01303160919540236
3766.743648960739,0.009956896551724048,0.011494252873563315
3771.2471131639722,0.009956896551724048,0.011494252873563315
3775.7505773672056,0.008419540229885003,0.009956896551724048
3780.254041570439,0.008419540229885003,0.009956896551724048
3784.757505773672,0.008419540229885003,0.009956896551724048
3789.260969976905,0.008419540229885003,0.009956896551724048
3793.764434180139,0.008419540229885003,0.009956896551724048
3798.267898383372,0.008419540229885003,0.009956896551724048
3802.771362586605,0.008419540229885003,0.009956896551724048
3807.2748267898382,0.008419540229885003,0.009956896551724048
3811.7782909930716,0.008419540229885003,0.009956896551724048
3816.281755196305,0.008419540229885003,0.009956896551724048
3820.785219399538,0.008419540229885003,0.009956896551724048
3825.2886836027715,0.008419540229885003,0.009956896551724048
3829.7921478060043,0.008419540229885003,0.009956896551724048
3834.295612009238,0.008419540229885003,0.009956896551724048
3838.799076212471,0.008419540229885003,0.009956896551724048
3843.3025404157042,0.008419540229885003,0.009956896551724048
3847.8060046189375,0.008419540229885003,0.009956896551724048
3852.309468822171,0.008419540229885003,0.009956896551724048
3856.812933025404,0.008419540229885003,0.009956896551724048
3861.3163972286375,0.008419540229885003,0.009956896551724048
3865.8198614318703,0.008419540229885003,0.009956896551724048
3870.323325635104,0.008419540229885003,0.011494252873563315
3874.8267898383374,0.006882183908045958,0.008419540229885003
3879.3302540415702,0.008419540229885003,0.009956896551724048
3883.8337182448035,0.008419540229885003,0.009956896551724048
3888.3371824480373,0.008419540229885003,0.009956896551724048
3892.84064665127,0.008419540229885003,0.009956896551724048
3897.3441108545035,0.008419540229885003,0.009956896551724048
3901.847575057737,0.008419540229885003,0.009956896551724048
3906.35103926097,0.008419540229885003,0.009956896551724048
3910.8545034642034,0.008419540229885003,0.009956896551724048
3915.3579676674362,0.008419540229885003,0.009956896551724048
3919.8614318706695,0.008419540229885003,0.009956896551724048
3924.3648960739033,0.006882183908045958,0.008419540229885003
3928.868360277136,0.006882183908045958,0.008419540229885003
3933.3718244803695,0.008419540229885003,0.009956896551724048
3937.875288683603,0.006882183908045958,0.008419540229885003
3942.378752886836,0.006882183908045958,0.008419540229885003
3946.8822170900694,0.008419540229885003,0.009956896551724048
3951.3856812933027,0.008419540229885003,0.009956896551724048
3955.8891454965355,0.008419540229885003,0.009956896551724048
3960.392609699769,0.008419540229885003,0.009956896551724048
3964.8960739030026,0.008419540229885003,0.009956896551724048
3969.3995381062355,0.006882183908045958,0.008419540229885003
3973.903002309469,0.006882183908045958,0.008419540229885003
3978.406466512702,0.008419540229885003,0.009956896551724048
3982.9099307159354,0.006882183908045958,0.008419540229885003
3987.4133949191687,0.006882183908045958,0.009956896551724048
3991.9168591224015,0.008419540229885003,0.009956896551724048
3996.420323325635,0.008419540229885003,0.009956896551724048
4000.9237875288686,0.008419540229885003,0.011494252873563315
4005.4272517321015,0.008419540229885003,0.009956896551724048
4009.930715935335,0.008419540229885003,0.009956896551724048
4014.434180138568,0.008419540229885003,0.009956896551724048
4018.9376443418014,0.006882183908045958,0.008419540229885003
