380.1385681293302,0.0714511494252873,0.1529310344827587
384.64203233256353,0.06991379310344814,0.08374999999999999
389.1454965357968,0.05761494252873556,0.08067528735632179
393.64896073903003,0.05761494252873556,0.10681034482758622
398.1524249422633,0.10681034482758622,0.3251149425287355
402.65588914549653,0.20981321839080458,0.29744252873563215
407.1593533487298,0.2682327586206896,0.6325862068965518
411.66281755196303,0.12679597701149425,0.6064511494252873
416.16628175519634,0.04992816091954011,0.12679597701149425
420.66974595842953,0.045316091954022975,0.04992816091954011
425.17321016166284,0.04377873563218393,0.048390804597701065
429.6766743648961,0.048390804597701065,0.059152298850574714
434.18013856812934,0.059152298850574714,0.0745258620689655
438.6836027713626,0.0745258620689655,0.09297413793103437
443.18706697459584,0.09297413793103437,0.1129597701149424
447.69053117782914,0.1129597701149424,0.12218390804597701
452.19399538106234,0.12218390804597701,0.14216954022988504
456.69745958429564,0.14063218390804588,0.16061781609195402
461.2009237875289,0.16061781609195402,0.1821408045977011
465.7043879907621,0.1821408045977011,0.21442528735632183
470.20785219399534,0.21442528735632183,0.24978448275862064
474.71131639722864,0.24978448275862064,0.28206896551724125
479.2147806004619,0.28206896551724125,0.3082040229885057
483.71824480369514,0.3082040229885057,0.3143534482758621
488.2217090069284,0.30359195402298844,0.31281609195402293
492.72517321016164,0.2713074712643678,0.30359195402298844
497.2286374133949,0.22057471264367812,0.2713074712643678
501.7321016166282,0.15446839080459762,0.22057471264367812
506.23556581986145,0.10219827586206898,0.15446839080459762
510.7390300230947,0.06376436781609196,0.10219827586206898
515.242494226328,0.03762931034482753,0.06376436781609196
519.7459584295611,0.03301724137931028,0.03762931034482753
524.2494226327944,0.01303160919540236,0.03301724137931028
528.7528868360278,0.005344827586206913,0.01303160919540236
533.2563510392611,0.0022701149425286005,0.005344827586206913
537.7598152424941,0.0007327586206895553,0.0022701149425286005
542.2632794457274,0.0007327586206895553,0.0022701149425286005
546.7667436489608,0.0022701149425286005,0.005344827586206913
551.2702078521941,0.005344827586206913,0.034554597701149325
555.7736720554273,0.034554597701149325,0.0745258620689655
560.2771362586604,0.051465517241379266,0.08528735632183904
564.7806004618938,0.025330459770114833,0.051465517241379266
569.2840646651271,0.0237931034482759,0.025330459770114833
573.7875288683603,0.025330459770114833,0.03301724137931028
578.2909930715936,0.03301724137931028,0.06068965517241376
582.7944572748268,0.06068965517241376,0.16369252873563211
587.2979214780601,0.16369252873563211,0.23748563218390806
591.8013856812934,0.23748563218390806,0.2543965517241379
596.3048498845266,0.21288793103448278,0.2574712643678161
600.8083140877598,0.09912356321839078,0.21288793103448278
605.3117782909931,0.03762931034482753,0.09912356321839078
609.8152424942264,0.01610632183908045,0.03762931034482753
614.3187066974596,0.009956896551724048,0.01610632183908045
618.8221709006928,0.008419540229885003,0.009956896551724048
623.3256351039261,0.008419540229885003,0.009956896551724048
627.8290993071594,0.009956896551724048,0.01303160919540236
632.3325635103927,0.011494252873563315,0.014568965517241184
636.8360277136259,0.014568965517241184,0.017643678160919496
641.3394919168591,0.017643678160919496,0.0237931034482759
645.8429561200924,0.0237931034482759,0.028405172413793034
650.3464203233257,0.02686781609195399,0.034554597701149325
654.8498845265589,0.034554597701149325,0.03762931034482753
659.3533487297922,0.03762931034482753,0.045316091954022975
663.8568129330254,0.045316091954022975,0.05454022988505747
668.3602771362587,0.05454022988505747,0.065301724137931
672.863741339492,0.065301724137931,0.07913793103448274
677.3672055427252,0.07913793103448274,0.09451149425287353
681.8706697459585,0.09451149425287353,0.11449712643678156
686.3741339491917,0.11449712643678156,0.14370689655172408
690.877598152425,0.14370689655172408,0.18982758620689655
695.3810623556583,0.18982758620689655,0.29744252873563215
699.8845265588914,0.29744252873563215,0.4788505747126436
704.3879907621247,0.4788505747126436,0.5557183908045977
708.891454965358,0.541882183908046,0.5526436781609195
713.3949191685913,0.4096695402298851,0.541882183908046
717.8983833718245,0.2959051724137931,0.4096695402298851
722.4018475750578,0.3266522988505747,0.7371264367816092
726.905311778291,0.7371264367816092,1.000014367816092
731.4087759815242,0.6787068965517241,0.9385201149425287
735.9122401847575,0.4419540229885057,0.6787068965517241
740.4157043879907,0.29744252873563215,0.4419540229885057
744.919168591224,0.2789942528735633,0.4188936781609195
749.4226327944573,0.2866810344827586,0.4250431034482759
753.9260969976905,0.14370689655172408,0.2866810344827586
758.4295612009238,0.09297413793103437,0.14370689655172408
762.933025404157,0.06683908045977016,0.09297413793103437
767.4364896073903,0.05300287356321831,0.06683908045977016
771.9399538106235,0.04377873563218393,0.05300287356321831
776.4434180138568,0.03916666666666668,0.04377873563218393
780.9468822170901,0.034554597701149325,0.03916666666666668
785.4503464203233,0.02994252873563208,0.034554597701149325
789.9538106235566,0.02686781609195399,0.02994252873563208
794.4572748267898,0.0237931034482759,0.02686781609195399
798.9607390300231,0.022255747126436742,0.0237931034482759
803.4642032332564,0.020718390804597697,0.022255747126436742
807.9676674364896,0.017643678160919496,0.01918103448275854
812.4711316397229,0.01610632183908045,0.017643678160919496
816.9745958429561,0.017643678160919496,0.01918103448275854
821.4780600461894,0.017643678160919496,0.020718390804597697
825.9815242494227,0.01918103448275854,0.028405172413793034
830.4849884526559,0.028405172413793034,0.03609195402298848
834.9884526558892,0.03609195402298848,0.04224137931034477
839.4919168591224,0.04224137931034477,0.062227011494252915
843.9953810623557,0.062227011494252915,0.0714511494252873
848.4988452655889,0.06068965517241376,0.065301724137931
853.0023094688222,0.059152298850574714,0.062227011494252915
857.5057736720555,0.05761494252873556,0.062227011494252915
862.0092378752887,0.03916666666666668,0.05761494252873556
866.512702078522,0.017643678160919496,0.03916666666666668
871.0161662817552,0.017643678160919496,0.020718390804597697
875.5196304849884,0.020718390804597697,0.059152298850574714
880.0230946882217,0.059152298850574714,0.10373563218390802
884.5265588914549,0.01610632183908045,0.08374999999999999
889.0300230946882,0.014568965517241184,0.017643678160919496
893.5334872979214,0.017643678160919496,0.01918103448275854
898.0369515011547,0.01918103448275854,0.022255747126436742
902.540415704388,0.022255747126436742,0.02686781609195399
907.0438799076212,0.02686781609195399,0.03916666666666668
911.5473441108545,0.03916666666666668,0.1283333333333333
916.0508083140877,0.10681034482758622,0.16215517241379307
920.554272517321,0.05300287356321831,0.10681034482758622
925.0577367205542,0.03916666666666668,0.05300287356321831
929.5612009237875,0.03609195402298848,0.03916666666666668
934.0646651270208,0.03762931034482753,0.03916666666666668
938.568129330254,0.03916666666666668,0.04377873563218393
943.0715935334873,0.04377873563218393,0.048390804597701065
947.5750577367205,0.048390804597701065,0.05454022988505747
952.0785219399538,0.05454022988505747,0.05607758620689651
956.5819861431871,0.05454022988505747,0.05607758620689651
961.0854503464203,0.05607758620689651,0.062227011494252915
965.5889145496536,0.062227011494252915,0.06991379310344814
970.0923787528868,0.06991379310344814,0.07606321839080454
974.5958429561201,0.07606321839080454,0.08221264367816095
979.0993071593533,0.08221264367816095,0.09604885057471257
983.6027713625866,0.09604885057471257,0.12218390804597701
988.1062355658199,0.12218390804597701,0.15908045977011487
992.6096997690531,0.13294540229885055,0.16061781609195402
997.1131639722864,0.1129597701149424,0.15908045977011487
1001.6166281755196,0.10834770114942527,0.1129597701149424
1006.1200923787529,0.10681034482758622,0.10834770114942527
1010.6235565819862,0.10834770114942527,0.10988505747126442
1015.1270207852194,0.10681034482758622,0.10988505747126442
1019.6304849884527,0.10527298850574707,0.10681034482758622
1024.133949191686,0.10066091954022982,0.10527298850574707
1028.6374133949191,0.09451149425287353,0.10066091954022982
1033.1408775981524,0.09297413793103437,0.09604885057471257
1037.6443418013855,0.09604885057471257,0.11449712643678156
1042.1478060046188,0.11449712643678156,0.19905172413793093
1046.6512702078521,0.11449712643678156,0.20673850574712638
1051.1547344110854,0.03916666666666668,0.11449712643678156
1055.6581986143187,0.04070402298850573,0.051465517241379266
1060.161662817552,0.051465517241379266,0.06683908045977016
1064.6651270207853,0.06683908045977016,0.09604885057471257
1069.1685912240184,0.09604885057471257,0.16061781609195402
1073.6720554272517,0.16061781609195402,0.2543965517241379
1078.1755196304848,0.17291666666666672,0.2543965517241379
1082.6789838337181,0.09297413793103437,0.17291666666666672
1087.1824480369514,0.03762931034482753,0.09297413793103437
1091.6859122401847,0.03301724137931028,0.03762931034482753
1096.189376443418,0.031479885057471235,0.034554597701149325
1100.6928406466513,0.034554597701149325,0.06991379310344814
1105.1963048498847,0.06991379310344814,0.08989942528735628
1109.6997690531177,0.034554597701149325,0.07606321839080454
1114.203233256351,0.025330459770114833,0.034554597701149325
1118.7066974595843,0.022255747126436742,0.025330459770114833
1123.2101616628174,0.020718390804597697,0.0237931034482759
1127.7136258660507,0.0237931034482759,0.03301724137931028
1132.217090069284,0.03301724137931028,0.03916666666666668
1136.7205542725173,0.02994252873563208,0.03916666666666668
1141.2240184757507,0.02686781609195399,0.02994252873563208
1145.727482678984,0.0237931034482759,0.02994252873563208
1150.2309468822173,0.022255747126436742,0.0237931034482759
1154.7344110854503,0.022255747126436742,0.0237931034482759
1159.2378752886837,0.0237931034482759,0.02686781609195399
1163.741339491917,0.02686781609195399,0.031479885057471235
1168.24480369515,0.031479885057471235,0.03762931034482753
1172.7482678983833,0.03762931034482753,0.045316091954022975
1177.2517321016167,0.045316091954022975,0.05300287356321831
1181.75519630485,0.05300287356321831,0.05454022988505747
1186.258660508083,0.051465517241379266,0.06068965517241376
1190.7621247113166,0.06068965517241376,0.10527298850574707
1195.2655889145497,0.031479885057471235,0.10066091954022982
1199.7690531177827,0.031479885057471235,0.04070402298850573
1204.272517321016,0.04070402298850573,0.051465517241379266
1208.7759815242493,0.051465517241379266,0.06376436781609196
1213.2794457274827,0.06376436781609196,0.06991379310344814
1217.782909930716,0.06991379310344814,0.07606321839080454
1222.2863741339493,0.07606321839080454,0.09297413793103437
1226.7898383371826,0.09297413793103437,0.13602011494252864
1231.2933025404157,0.13602011494252864,0.24056034482758615
1235.796766743649,0.16061781609195402,0.2620833333333332
1240.3002309468823,0.045316091954022975,0.16061781609195402
1244.8036951501156,0.03301724137931028,0.045316091954022975
1249.3071593533487,0.03301724137931028,0.03762931034482753
1253.810623556582,0.03762931034482753,0.048390804597701065
1258.3140877598153,0.048390804597701065,0.0745258620689655
1262.8175519630483,0.0745258620689655,0.12987068965517246
1267.3210161662819,0.08374999999999999,0.13294540229885055
1271.824480369515,0.022255747126436742,0.08374999999999999
1276.3279445727483,0.020718390804597697,0.025330459770114833
1280.8314087759813,0.025330459770114833,0.02994252873563208
1285.3348729792149,0.02994252873563208,0.03762931034482753
1289.838337182448,0.03762931034482753,0.04224137931034477
1294.3418013856813,0.04070402298850573,0.04377873563218393
1298.8452655889146,0.04377873563218393,0.051465517241379266
1303.3487297921479,0.051465517241379266,0.059152298850574714
1307.852193995381,0.059152298850574714,0.0745258620689655
1312.3556581986143,0.0745258620689655,0.10988505747126442
1316.8591224018476,0.10988505747126442,0.17291666666666672
1321.3625866050809,0.17291666666666672,0.31281609195402293
1325.866050808314,0.2989798850574713,0.36969827586206894
1330.3695150115475,0.13909482758620684,0.2989798850574713
1334.8729792147806,0.12218390804597701,0.13909482758620684
1339.3764434180139,0.13294540229885055,0.3804597701149425
1343.879907621247,0.10066091954022982,0.39275862068965517
1348.3833718244805,0.05607758620689651,0.10066091954022982
1352.8868360277136,0.034554597701149325,0.05607758620689651
1357.3903002309469,0.01303160919540236,0.034554597701149325
1361.8937644341802,0.006882183908045958,0.01303160919540236
1366.3972286374135,0.006882183908045958,0.011494252873563315
1370.9006928406466,0.011494252873563315,0.01918103448275854
1375.40415704388,0.01918103448275854,0.020718390804597697
1379.9076212471132,0.020718390804597697,0.028405172413793034
1384.4110854503465,0.028405172413793034,0.04224137931034477
1388.9145496535796,0.04224137931034477,0.06068965517241376
1393.418013856813,0.06068965517241376,0.09451149425287353
1397.9214780600462,0.09451149425287353,0.16676724137931032
1402.4249422632795,0.16676724137931032,0.3143534482758621
1406.9284064665128,0.08528735632183904,0.3297270114942529
1411.4318706697459,0.0237931034482759,0.08528735632183904
1415.9353348729792,0.01918103448275854,0.0237931034482759
1420.4387990762123,0.022255747126436742,0.031479885057471235
1424.9422632794458,0.031479885057471235,0.045316091954022975
1429.4457274826789,0.045316091954022975,0.05454022988505747
1433.9491916859122,0.05454022988505747,0.08528735632183904
1438.4526558891455,0.08528735632183904,0.17137931034482756
1442.9561200923788,0.17137931034482756,0.4696264367816092
1447.4595842956119,0.239022988505747,0.47731321839080454
1451.9630484988454,0.025330459770114833,0.239022988505747
1456.4665127020785,-0.0008045977011494898,0.025330459770114833
1460.9699769053118,-0.002341954022988535,-0.0008045977011494898
1465.4734411085449,-0.0008045977011494898,0.005344827586206913
1469.9769053117784,0.005344827586206913,0.020718390804597697
1474.4803695150115,0.020718390804597697,0.09297413793103437
1478.9838337182448,0.06376436781609196,0.11449712643678156
1483.487297921478,0.04685344827586213,0.06376436781609196
1487.9907621247114,0.048390804597701065,0.04992816091954011
1492.4942263279445,0.04992816091954011,0.09912356321839078
1496.9976905311778,0.06683908045977016,0.1191091954022988
1501.501154734411,0.011494252873563315,0.06683908045977016
1506.0046189376444,0.0038074712643678676,0.011494252873563315
1510.5080831408775,0.0007327586206895553,0.0038074712643678676
1515.011547344111,0.0007327586206895553,0.0038074712643678676
1519.515011547344,0.0007327586206895553,0.0022701149425286005
1524.0184757505774,0.0022701149425286005,0.005344827586206913
1528.5219399538107,0.0038074712643678676,0.006882183908045958
1533.025404157044,0.0038074712643678676,0.008419540229885003
1537.528868360277,0.008419540229885003,0.01303160919540236
1542.0323325635104,0.01303160919540236,0.017643678160919496
1546.5357967667437,0.017643678160919496,0.0237931034482759
1551.0392609699768,0.020718390804597697,0.028405172413793034
1555.54272517321,0.028405172413793034,0.03762931034482753
1560.0461893764434,0.03762931034482753,0.04992816091954011
1564.5496535796767,0.04992816091954011,0.07760057471264359
1569.0531177829098,0.07298850574712634,0.09297413793103437
1573.556581986143,0.05454022988505747,0.07298850574712634
1578.0600461893764,0.04992816091954011,0.05454022988505747
1582.5635103926097,0.04992816091954011,0.05300287356321831
1587.0669745958428,0.05300287356321831,0.05761494252873556
1591.5704387990763,0.05761494252873556,0.062227011494252915
1596.0739030023094,0.062227011494252915,0.065301724137931
1600.5773672055427,0.065301724137931,0.08221264367816095
1605.080831408776,0.08221264367816095,0.11142241379310336
1609.5842956120093,0.07298850574712634,0.11142241379310336
1614.0877598152424,0.05607758620689651,0.07298850574712634
1618.5912240184757,0.048390804597701065,0.05607758620689651
1623.094688221709,0.03762931034482753,0.048390804597701065
1627.5981524249423,0.02686781609195399,0.03762931034482753
1632.1016166281754,0.022255747126436742,0.02686781609195399
1636.605080831409,0.017643678160919496,0.022255747126436742
1641.108545034642,0.01610632183908045,0.01918103448275854
1645.6120092378753,0.01303160919540236,0.01918103448275854
1650.1154734411084,0.01918103448275854,0.020718390804597697
1654.618937644342,0.01918103448275854,0.020718390804597697
1659.122401847575,0.020718390804597697,0.022255747126436742
1663.6258660508083,0.01918103448275854,0.022255747126436742
1668.1293302540416,0.020718390804597697,0.025330459770114833
1672.632794457275,0.025330459770114833,0.028405172413793034
1677.136258660508,0.028405172413793034,0.031479885057471235
1681.6397228637413,0.028405172413793034,0.03301724137931028
1686.1431870669746,0.02686781609195399,0.02994252873563208
1690.646651270208,0.028405172413793034,0.031479885057471235
1695.150115473441,0.02994252873563208,0.03762931034482753
1699.6535796766743,0.03609195402298848,0.03762931034482753
1704.1570438799076,0.031479885057471235,0.03762931034482753
1708.6605080831407,0.022255747126436742,0.031479885057471235
1713.1639722863742,0.01918103448275854,0.022255747126436742
1717.6674364896073,0.014568965517241184,0.01918103448275854
1722.1709006928406,0.011494252873563315,0.014568965517241184
1726.6743648960737,0.009956896551724048,0.01303160919540236
1731.1778290993072,0.008419540229885003,0.011494252873563315
1735.6812933025403,0.008419540229885003,0.009956896551724048
1740.1847575057736,0.009956896551724048,0.011494252873563315
1744.688221709007,0.009956896551724048,0.011494252873563315
1749.1916859122402,0.009956896551724048,0.011494252873563315
1753.6951501154733,0.011494252873563315,0.01303160919540236
1758.1986143187066,0.011494252873563315,0.014568965517241184
1762.70207852194,0.014568965517241184,0.017643678160919496
1767.2055427251732,0.017643678160919496,0.02686781609195399
1771.7090069284063,0.02686781609195399,0.034554597701149325
1776.2124711316399,0.02994252873563208,0.034554597701149325
1780.715935334873,0.025330459770114833,0.02994252873563208
1785.2193995381062,0.01918103448275854,0.025330459770114833
1789.7228637413396,0.017643678160919496,0.01918103448275854
1794.2263279445729,0.01610632183908045,0.017643678160919496
1798.729792147806,0.01610632183908045,0.020718390804597697
1803.2332563510392,0.01918103448275854,0.022255747126436742
1807.7367205542726,0.020718390804597697,0.0237931034482759
1812.2401847575059,0.017643678160919496,0.020718390804597697
1816.743648960739,0.01303160919540236,0.017643678160919496
1821.2471131639725,0.011494252873563315,0.01303160919540236
1825.7505773672056,0.011494252873563315,0.01303160919540236
1830.2540415704389,0.011494252873563315,0.01303160919540236
1834.757505773672,0.01303160919540236,0.014568965517241184
1839.2609699769055,0.01303160919540236,0.01610632183908045
1843.7644341801386,0.014568965517241184,0.017643678160919496
1848.2678983833719,0.01610632183908045,0.017643678160919496
1852.7713625866052,0.017643678160919496,0.01918103448275854
1857.2748267898382,0.01918103448275854,0.022255747126436742
1861.7782909930716,0.022255747126436742,0.0237931034482759
1866.2817551963049,0.01918103448275854,0.022255747126436742
1870.7852193995382,0.017643678160919496,0.01918103448275854
1875.2886836027712,0.01918103448275854,0.020718390804597697
1879.7921478060046,0.020718390804597697,0.025330459770114833
1884.2956120092379,0.025330459770114833,0.034554597701149325
1888.7990762124712,0.034554597701149325,0.03916666666666668
1893.3025404157042,0.031479885057471235,0.03762931034482753
1897.8060046189378,0.02686781609195399,0.031479885057471235
1902.3094688221709,0.0237931034482759,0.02686781609195399
1906.8129330254042,0.020718390804597697,0.0237931034482759
1911.3163972286372,0.01918103448275854,0.020718390804597697
1915.8198614318708,0.01918103448275854,0.022255747126436742
1920.3233256351039,0.022255747126436742,0.028405172413793034
1924.8267898383372,0.028405172413793034,0.031479885057471235
1929.3302540415705,0.0237931034482759,0.031479885057471235
1933.8337182448038,0.017643678160919496,0.0237931034482759
1938.3371824480369,0.014568965517241184,0.017643678160919496
1942.8406466512704,0.014568965517241184,0.01610632183908045
1947.3441108545035,0.014568965517241184,0.01610632183908045
1951.8475750577368,0.01610632183908045,0.017643678160919496
1956.3510392609699,0.01610632183908045,0.017643678160919496
1960.8545034642034,0.01610632183908045,0.017643678160919496
1965.3579676674365,0.01610632183908045,0.017643678160919496
1969.8614318706698,0.01610632183908045,0.017643678160919496
1974.364896073903,0.01610632183908045,0.017643678160919496
1978.8683602771364,0.01610632183908045,0.017643678160919496
1983.3718244803695,0.01610632183908045,0.017643678160919496
1987.8752886836028,0.017643678160919496,0.01918103448275854
1992.378752886836,0.017643678160919496,0.01918103448275854
1996.8822170900694,0.017643678160919496,0.01918103448275854
2001.3856812933025,0.017643678160919496,0.01918103448275854
2005.8891454965358,0.017643678160919496,0.01918103448275854
2010.392609699769,0.01610632183908045,0.017643678160919496
2014.8960739030022,0.017643678160919496,0.01918103448275854
2019.3995381062355,0.017643678160919496,0.01918103448275854
2023.9030023094688,0.01610632183908045,0.017643678160919496
2028.406466512702,0.017643678160919496,0.01918103448275854
2032.9099307159352,0.017643678160919496,0.01918103448275854
2037.4133949191687,0.017643678160919496,0.01918103448275854
2041.9168591224018,0.017643678160919496,0.01918103448275854
2046.420323325635,0.017643678160919496,0.01918103448275854
2050.923787528868,0.017643678160919496,0.01918103448275854
2055.4272517321015,0.017643678160919496,0.01918103448275854
2059.930715935335,0.01918103448275854,0.020718390804597697
2064.434180138568,0.017643678160919496,0.01918103448275854
2068.9376443418014,0.01918103448275854,0.020718390804597697
2073.4411085450347,0.01918103448275854,0.020718390804597697
2077.944572748268,0.01918103448275854,0.020718390804597697
2082.4480369515013,0.01918103448275854,0.020718390804597697
2086.9515011547346,0.01918103448275854,0.022255747126436742
2091.454965357968,0.020718390804597697,0.022255747126436742
2095.958429561201,0.020718390804597697,0.0237931034482759
2100.4618937644345,0.020718390804597697,0.0237931034482759
2104.9653579676674,0.020718390804597697,0.022255747126436742
2109.4688221709007,0.020718390804597697,0.022255747126436742
2113.972286374134,0.022255747126436742,0.0237931034482759
2118.4757505773673,0.022255747126436742,0.0237931034482759
2122.9792147806,0.020718390804597697,0.022255747126436742
2127.482678983834,0.020718390804597697,0.022255747126436742
2131.986143187067,0.020718390804597697,0.022255747126436742
2136.4896073903,0.020718390804597697,0.022255747126436742
2140.9930715935334,0.022255747126436742,0.0237931034482759
2145.4965357967667,0.022255747126436742,0.0237931034482759
2150.0,0.022255747126436742,0.0237931034482759
2154.5034642032333,0.022255747126436742,0.0237931034482759
2159.0069284064666,0.022255747126436742,0.0237931034482759
2163.5103926097,0.022255747126436742,0.0237931034482759
2168.013856812933,0.022255747126436742,0.0237931034482759
2172.517321016166,0.022255747126436742,0.0237931034482759
2177.0207852194,0.0237931034482759,0.025330459770114833
2181.524249422633,0.0237931034482759,0.025330459770114833
2186.027713625866,0.022255747126436742,0.0237931034482759
2190.5311778290993,0.0237931034482759,0.025330459770114833
2195.034642032332,0.022255747126436742,0.0237931034482759
2199.5381062355655,0.022255747126436742,0.0237931034482759
2204.041570438799,0.0237931034482759,0.025330459770114833
2208.545034642032,0.025330459770114833,0.02686781609195399
2213.0484988452654,0.025330459770114833,0.02686781609195399
2217.5519630484987,0.0237931034482759,0.025330459770114833
2222.055427251732,0.0237931034482759,0.025330459770114833
2226.5588914549653,0.025330459770114833,0.02686781609195399
2231.0623556581986,0.02686781609195399,0.02994252873563208
2235.565819861432,0.02686781609195399,0.02994252873563208
2240.069284064665,0.025330459770114833,0.02686781609195399
2244.5727482678985,0.025330459770114833,0.02686781609195399
2249.0762124711314,0.025330459770114833,0.02686781609195399
2253.579676674365,0.025330459770114833,0.028405172413793034
2258.0831408775985,0.025330459770114833,0.02686781609195399
2262.5866050808313,0.02686781609195399,0.028405172413793034
2267.0900692840646,0.025330459770114833,0.02686781609195399
2271.593533487298,0.025330459770114833,0.02686781609195399
2276.096997690531,0.025330459770114833,0.02686781609195399
2280.6004618937645,0.0237931034482759,0.025330459770114833
2285.1039260969974,0.0237931034482759,0.02686781609195399
2289.607390300231,0.025330459770114833,0.02686781609195399
2294.1108545034645,0.025330459770114833,0.02686781609195399
2298.6143187066973,0.0237931034482759,0.025330459770114833
2303.1177829099306,0.0237931034482759,0.02686781609195399
2307.621247113164,0.025330459770114833,0.02686781609195399
2312.124711316397,0.01918103448275854,0.025330459770114833
2316.6281755196305,0.017643678160919496,0.01918103448275854
2321.131639722864,0.014568965517241184,0.017643678160919496
2325.6351039260967,0.014568965517241184,0.01610632183908045
2330.1385681293305,0.014568965517241184,0.017643678160919496
2334.6420323325638,0.01610632183908045,0.017643678160919496
2339.1454965357966,0.017643678160919496,0.01918103448275854
2343.64896073903,0.01610632183908045,0.017643678160919496
2348.152424942263,0.01610632183908045,0.01918103448275854
2352.6558891454965,0.01303160919540236,0.017643678160919496
2357.15935334873,0.011494252873563315,0.014568965517241184
2361.6628175519627,0.014568965517241184,0.01918103448275854
2366.1662817551965,0.017643678160919496,0.01918103448275854
2370.6697459584298,0.01918103448275854,0.022255747126436742
2375.1732101616626,0.022255747126436742,0.0237931034482759
2379.676674364896,0.0237931034482759,0.025330459770114833
2384.1801385681297,0.025330459770114833,0.028405172413793034
2388.6836027713625,0.028405172413793034,0.02994252873563208
2393.187066974596,0.02994252873563208,0.031479885057471235
2397.690531177829,0.02994252873563208,0.031479885057471235
2402.1939953810625,0.02994252873563208,0.031479885057471235
2406.6974595842958,0.028405172413793034,0.02994252873563208
2411.200923787529,0.028405172413793034,0.031479885057471235
2415.704387990762,0.02994252873563208,0.031479885057471235
2420.2078521939957,0.02994252873563208,0.031479885057471235
2424.7113163972285,0.028405172413793034,0.031479885057471235
2429.214780600462,0.02994252873563208,0.031479885057471235
2433.718244803695,0.02994252873563208,0.031479885057471235
2438.2217090069284,0.02994252873563208,0.031479885057471235
2442.7251732101618,0.02994252873563208,0.031479885057471235
2447.228637413395,0.02994252873563208,0.03301724137931028
2451.732101616628,0.031479885057471235,0.03301724137931028
2456.235565819861,0.03301724137931028,0.034554597701149325
2460.739030023095,0.031479885057471235,0.03301724137931028
2465.242494226328,0.031479885057471235,0.03301724137931028
2469.745958429561,0.03301724137931028,0.03609195402298848
2474.2494226327944,0.03609195402298848,0.03762931034482753
2478.7528868360278,0.034554597701149325,0.03762931034482753
2483.256351039261,0.034554597701149325,0.03609195402298848
2487.759815242494,0.03609195402298848,0.03916666666666668
2492.263279445727,0.03916666666666668,0.04224137931034477
2496.766743648961,0.04224137931034477,0.04377873563218393
2501.270207852194,0.04377873563218393,0.048390804597701065
2505.773672055427,0.048390804597701065,0.051465517241379266
2510.2771362586604,0.04377873563218393,0.051465517241379266
2514.7806004618938,0.03762931034482753,0.04377873563218393
2519.284064665127,0.034554597701149325,0.03762931034482753
2523.7875288683604,0.034554597701149325,0.03762931034482753
2528.290993071593,0.03762931034482753,0.04070402298850573
2532.794457274827,0.04070402298850573,0.04224137931034477
2537.2979214780603,0.03762931034482753,0.04224137931034477
2541.801385681293,0.034554597701149325,0.03762931034482753
2546.3048498845264,0.03301724137931028,0.034554597701149325
2550.80831408776,0.03301724137931028,0.034554597701149325
2555.311778290993,0.03301724137931028,0.034554597701149325
2559.8152424942264,0.034554597701149325,0.03609195402298848
2564.318706697459,0.03609195402298848,0.03762931034482753
2568.822170900693,0.03609195402298848,0.03762931034482753
2573.3256351039263,0.034554597701149325,0.03609195402298848
2577.829099307159,0.03609195402298848,0.03762931034482753
2582.3325635103924,0.03762931034482753,0.03916666666666668
2586.836027713626,0.03609195402298848,0.03762931034482753
2591.339491916859,0.034554597701149325,0.03609195402298848
2595.8429561200924,0.034554597701149325,0.03609195402298848
2600.3464203233257,0.03609195402298848,0.03762931034482753
2604.849884526559,0.03609195402298848,0.03916666666666668
2609.3533487297923,0.03609195402298848,0.03762931034482753
2613.8568129330256,0.03609195402298848,0.03916666666666668
2618.3602771362584,0.03916666666666668,0.04070402298850573
2622.8637413394918,0.04070402298850573,0.04224137931034477
2627.3672055427255,0.03762931034482753,0.04070402298850573
2631.8706697459584,0.03301724137931028,0.03762931034482753
2636.3741339491917,0.031479885057471235,0.03301724137931028
2640.8775981524245,0.031479885057471235,0.03301724137931028
2645.3810623556583,0.031479885057471235,0.03301724137931028
2649.8845265588916,0.03301724137931028,0.034554597701149325
2654.3879907621244,0.034554597701149325,0.03609195402298848
2658.8914549653578,0.03609195402298848,0.03916666666666668
2663.3949191685915,0.03916666666666668,0.04070402298850573
2667.8983833718244,0.03916666666666668,0.04070402298850573
2672.4018475750577,0.03916666666666668,0.04070402298850573
2676.905311778291,0.04070402298850573,0.04224137931034477
2681.4087759815243,0.04070402298850573,0.04224137931034477
2685.9122401847576,0.04070402298850573,0.04224137931034477
2690.415704387991,0.04070402298850573,0.04377873563218393
2694.9191685912238,0.04377873563218393,0.04685344827586213
2699.4226327944575,0.04070402298850573,0.045316091954022975
2703.926096997691,0.03609195402298848,0.03916666666666668
2708.4295612009237,0.03609195402298848,0.03762931034482753
2712.933025404157,0.03762931034482753,0.03916666666666668
2717.4364896073903,0.03609195402298848,0.03762931034482753
2721.9399538106236,0.034554597701149325,0.03609195402298848
2726.443418013857,0.03301724137931028,0.034554597701149325
2730.9468822170898,0.034554597701149325,0.03609195402298848
2735.4503464203235,0.03609195402298848,0.03916666666666668
2739.953810623557,0.03762931034482753,0.03916666666666668
2744.4572748267897,0.034554597701149325,0.03762931034482753
2748.960739030023,0.03301724137931028,0.034554597701149325
2753.4642032332563,0.034554597701149325,0.03609195402298848
2757.9676674364896,0.034554597701149325,0.03609195402298848
2762.471131639723,0.03609195402298848,0.03762931034482753
2766.974595842956,0.03762931034482753,0.03916666666666668
2771.478060046189,0.03762931034482753,0.03916666666666668
2775.981524249423,0.034554597701149325,0.03609195402298848
2780.484988452656,0.03301724137931028,0.034554597701149325
2784.988452655889,0.034554597701149325,0.03609195402298848
2789.4919168591223,0.034554597701149325,0.03609195402298848
2793.9953810623556,0.034554597701149325,0.03609195402298848
2798.498845265589,0.034554597701149325,0.03609195402298848
2803.002309468822,0.034554597701149325,0.03609195402298848
2807.505773672055,0.034554597701149325,0.03762931034482753
2812.009237875289,0.03762931034482753,0.03916666666666668
2816.512702078522,0.03762931034482753,0.03916666666666668
2821.016166281755,0.03916666666666668,0.04377873563218393
2825.5196304849883,0.04377873563218393,0.045316091954022975
2830.023094688222,0.04377873563218393,0.045316091954022975
2834.526558891455,0.04070402298850573,0.04377873563218393
2839.030023094688,0.04224137931034477,0.04377873563218393
2843.5334872979215,0.04224137931034477,0.04377873563218393
2848.036951501155,0.04224137931034477,0.04377873563218393
2852.540415704388,0.04377873563218393,0.048390804597701065
2857.0438799076214,0.048390804597701065,0.05454022988505747
2861.5473441108543,0.048390804597701065,0.05300287356321831
2866.050808314088,0.045316091954022975,0.048390804597701065
2870.554272517321,0.04377873563218393,0.045316091954022975
2875.057736720554,0.04377873563218393,0.04685344827586213
2879.5612009237875,0.04224137931034477,0.04377873563218393
2884.064665127021,0.04224137931034477,0.04377873563218393
2888.568129330254,0.04377873563218393,0.045316091954022975
2893.0715935334874,0.045316091954022975,0.04685344827586213
2897.5750577367203,0.04685344827586213,0.05300287356321831
2902.0785219399536,0.05300287356321831,0.062227011494252915
2906.5819861431874,0.05607758620689651,0.06376436781609196
2911.08545034642,0.05300287356321831,0.05607758620689651
2915.5889145496535,0.05454022988505747,0.05761494252873556
2920.092378752887,0.05761494252873556,0.06068965517241376
2924.59584295612,0.06068965517241376,0.065301724137931
2929.0993071593534,0.06068965517241376,0.06376436781609196
2933.6027713625867,0.059152298850574714,0.062227011494252915
2938.1062355658196,0.05300287356321831,0.059152298850574714
2942.6096997690533,0.051465517241379266,0.05300287356321831
2947.113163972286,0.051465517241379266,0.05300287356321831
2951.6166281755195,0.051465517241379266,0.05454022988505747
2956.120092378753,0.05454022988505747,0.05607758620689651
2960.623556581986,0.05454022988505747,0.05607758620689651
2965.1270207852194,0.05607758620689651,0.05761494252873556
2969.6304849884527,0.05454022988505747,0.05761494252873556
2974.1339491916856,0.05761494252873556,0.062227011494252915
2978.6374133949193,0.05454022988505747,0.062227011494252915
2983.1408775981527,0.05300287356321831,0.05454022988505747
2987.6443418013855,0.05454022988505747,0.06068965517241376
2992.147806004619,0.06068965517241376,0.062227011494252915
2996.6512702078526,0.05300287356321831,0.06068965517241376
3001.1547344110854,0.051465517241379266,0.05300287356321831
3005.6581986143187,0.04992816091954011,0.051465517241379266
3010.161662817552,0.04992816091954011,0.051465517241379266
3014.6651270207853,0.051465517241379266,0.05454022988505747
3019.1685912240187,0.05454022988505747,0.059152298850574714
3023.6720554272515,0.059152298850574714,0.065301724137931
3028.175519630485,0.065301724137931,0.07760057471264359
3032.6789838337186,0.07760057471264359,0.08067528735632179
3037.1824480369514,0.07298850574712634,0.07760057471264359
3041.6859122401847,0.07606321839080454,0.08836206896551724
3046.189376443418,0.08836206896551724,0.09451149425287353
3050.6928406466513,0.09451149425287353,0.10834770114942527
3055.1963048498847,0.10834770114942527,0.1344827586206896
3059.699769053118,0.1283333333333333,0.14831896551724133
3064.203233256351,0.0714511494252873,0.1283333333333333
3068.706697459584,0.06068965517241376,0.0714511494252873
3073.210161662818,0.05761494252873556,0.06068965517241376
3077.7136258660507,0.059152298850574714,0.06683908045977016
3082.217090069284,0.05761494252873556,0.0683764367816091
3086.7205542725173,0.05454022988505747,0.05761494252873556
3091.2240184757507,0.05607758620689651,0.06376436781609196
3095.727482678984,0.06376436781609196,0.0683764367816091
3100.230946882217,0.062227011494252915,0.06683908045977016
3104.73441108545,0.062227011494252915,0.07760057471264359
3109.237875288684,0.07760057471264359,0.08682471264367819
3113.7413394919167,0.059152298850574714,0.08221264367816095
3118.24480369515,0.051465517241379266,0.059152298850574714
3122.7482678983833,0.04992816091954011,0.05300287356321831
3127.2517321016167,0.05300287356321831,0.05607758620689651
3131.75519630485,0.051465517241379266,0.05607758620689651
3136.2586605080833,0.048390804597701065,0.051465517241379266
3140.762124711316,0.045316091954022975,0.04992816091954011
3145.26558891455,0.04377873563218393,0.045316091954022975
3149.769053117783,0.045316091954022975,0.04685344827586213
3154.272517321016,0.045316091954022975,0.04685344827586213
3158.7759815242493,0.04685344827586213,0.048390804597701065
3163.2794457274827,0.048390804597701065,0.04992816091954011
3167.782909930716,0.048390804597701065,0.04992816091954011
3172.2863741339493,0.04685344827586213,0.048390804597701065
3176.789838337182,0.04685344827586213,0.048390804597701065
3181.293302540416,0.04685344827586213,0.04992816091954011
3185.796766743649,0.048390804597701065,0.04992816091954011
3190.300230946882,0.048390804597701065,0.04992816091954011
3194.8036951501153,0.04992816091954011,0.05300287356321831
3199.3071593533487,0.051465517241379266,0.05454022988505747
3203.810623556582,0.05300287356321831,0.05454022988505747
3208.3140877598153,0.051465517241379266,0.05454022988505747
3212.8175519630486,0.04992816091954011,0.051465517241379266
3217.3210161662814,0.051465517241379266,0.05300287356321831
3221.824480369515,0.051465517241379266,0.05454022988505747
3226.3279445727485,0.05300287356321831,0.05454022988505747
3230.8314087759813,0.05454022988505747,0.05607758620689651
3235.3348729792147,0.05607758620689651,0.05761494252873556
3239.838337182448,0.05607758620689651,0.05761494252873556
3244.3418013856813,0.05761494252873556,0.059152298850574714
3248.8452655889146,0.05761494252873556,0.059152298850574714
3253.3487297921474,0.05761494252873556,0.059152298850574714
3257.852193995381,0.059152298850574714,0.06068965517241376
3262.3556581986145,0.06068965517241376,0.062227011494252915
3266.8591224018473,0.062227011494252915,0.06376436781609196
3271.3625866050807,0.06376436781609196,0.065301724137931
3275.8660508083144,0.065301724137931,0.06991379310344814
3280.3695150115473,0.06991379310344814,0.07298850574712634
3284.8729792147806,0.07298850574712634,0.0745258620689655
3289.376443418014,0.0745258620689655,0.07606321839080454
3293.879907621247,0.07606321839080454,0.07913793103448274
3298.3833718244805,0.07913793103448274,0.08374999999999999
3302.886836027714,0.08374999999999999,0.08836206896551724
3307.3903002309467,0.08836206896551724,0.09143678160919533
3311.8937644341804,0.09143678160919533,0.09604885057471257
3316.3972286374133,0.09604885057471257,0.09912356321839078
3320.9006928406466,0.09912356321839078,0.10373563218390802
3325.40415704388,0.10373563218390802,0.10834770114942527
3329.907621247113,0.10834770114942527,0.1129597701149424
3334.4110854503465,0.1129597701149424,0.1191091954022988
3338.91454965358,0.1191091954022988,0.12372126436781605
3343.4180138568126,0.12372126436781605,0.12987068965517246
3347.9214780600464,0.12987068965517246,0.1375574712643678
3352.4249422632797,0.1375574712643678,0.1498563218390805
3356.9284064665126,0.1498563218390805,0.15754310344827582
3361.431870669746,0.15754310344827582,0.16984195402298852
3365.935334872979,0.16984195402298852,0.1852155172413793
3370.4387990762125,0.1852155172413793,0.20827586206896553
3374.942263279446,0.20827586206896553,0.235948275862069
3379.445727482679,0.235948275862069,0.2682327586206896
3383.949191685912,0.2682327586206896,0.3082040229885057
3388.4526558891457,0.3082040229885057,0.36354885057471265
3392.9561200923786,0.36354885057471265,0.4342672413793103
3397.459584295612,0.4342672413793103,0.5326580459770115
3401.963048498845,0.5326580459770115,0.6494971264367817
3406.4665127020785,0.6494971264367817,0.7678735632183908
3410.969976905312,0.7678735632183908,0.8555028735632184
3415.473441108545,0.8555028735632184,0.8847126436781609
3419.976905311778,0.8339798850574713,0.8801005747126437
3424.4803695150117,0.7186781609195403,0.8339798850574713
3428.983833718245,0.5910775862068965,0.7186781609195403
3433.487297921478,0.4634770114942529,0.5910775862068965
3437.990762124711,0.36662356321839085,0.4634770114942529
3442.494226327945,0.29129310344827586,0.36662356321839085
3446.997690531178,0.239022988505747,0.29129310344827586
3451.501154734411,0.19751436781609188,0.239022988505747
3456.0046189376444,0.16369252873563211,0.19751436781609188
3460.5080831408777,0.12987068965517246,0.16369252873563211
3465.011547344111,0.10527298850574707,0.12987068965517246
3469.515011547344,0.08221264367816095,0.10527298850574707
3474.018475750577,0.065301724137931,0.08221264367816095
3478.521939953811,0.05300287356321831,0.065301724137931
3483.025404157044,0.045316091954022975,0.05300287356321831
3487.528868360277,0.03762931034482753,0.045316091954022975
3492.0323325635104,0.031479885057471235,0.03762931034482753
3496.5357967667437,0.025330459770114833,0.031479885057471235
3501.039260969977,0.022255747126436742,0.025330459770114833
3505.5427251732103,0.01918103448275854,0.022255747126436742
3510.046189376443,0.01610632183908045,0.01918103448275854
3514.5496535796765,0.01303160919540236,0.01610632183908045
3519.0531177829102,0.011494252873563315,0.014568965517241184
3523.556581986143,0.01303160919540236,0.014568965517241184
3528.0600461893764,0.014568965517241184,0.01610632183908045
3532.5635103926097,0.01303160919540236,0.01610632183908045
3537.066974595843,0.011494252873563315,0.01303160919540236
3541.5704387990763,0.011494252873563315,0.01303160919540236
3546.073903002309,0.011494252873563315,0.01303160919540236
3550.5773672055425,0.011494252873563315,0.01303160919540236
3555.0808314087762,0.011494252873563315,0.01303160919540236
3559.584295612009,0.009956896551724048,0.01303160919540236
3564.0877598152424,0.009956896551724048,0.011494252873563315
3568.5912240184757,0.009956896551724048,0.011494252873563315
3573.094688221709,0.011494252873563315,0.01303160919540236
3577.5981524249423,0.011494252873563315,0.01303160919540236
3582.1016166281756,0.009956896551724048,0.011494252873563315
3586.6050808314085,0.011494252873563315,0.01303160919540236
3591.1085450346422,0.009956896551724048,0.011494252873563315
3595.6120092378756,0.008419540229885003,0.011494252873563315
3600.1154734411084,0.008419540229885003,0.009956896551724048
3604.6189376443417,0.008419540229885003,0.009956896551724048
3609.1224018475755,0.008419540229885003,0.011494252873563315
3613.6258660508083,0.006882183908045958,0.008419540229885003
3618.1293302540416,0.005344827586206913,0.006882183908045958
3622.6327944572745,0.006882183908045958,0.008419540229885003
3627.1362586605082,0.006882183908045958,0.008419540229885003
3631.6397228637416,0.006882183908045958,0.008419540229885003
3636.1431870669744,0.005344827586206913,0.008419540229885003
3640.6466512702077,0.006882183908045958,0.008419540229885003
3645.150115473441,0.005344827586206913,0.008419540229885003
3649.6535796766743,0.006882183908045958,0.008419540229885003
3654.1570438799076,0.006882183908045958,0.008419540229885003
3658.660508083141,0.005344827586206913,0.008419540229885003
3663.163972286374,0.0038074712643678676,0.006882183908045958
3667.6674364896076,0.0038074712643678676,0.006882183908045958
3672.170900692841,0.006882183908045958,0.008419540229885003
3676.6743648960737,0.006882183908045958,0.008419540229885003
3681.177829099307,0.006882183908045958,0.008419540229885003
3685.681293302541,0.005344827586206913,0.008419540229885003
3690.1847575057736,0.0038074712643678676,0.005344827586206913
3694.688221709007,0.0038074712643678676,0.005344827586206913
3699.19168591224,0.005344827586206913,0.008419540229885003
3703.6951501154736,0.0038074712643678676,0.008419540229885003
3708.198614318707,0.0038074712643678676,0.006882183908045958
3712.7020785219397,0.0038074712643678676,0.005344827586206913
3717.205542725173,0.0038074712643678676,0.005344827586206913
3721.709006928407,0.005344827586206913,0.006882183908045958
3726.2124711316396,0.005344827586206913,0.006882183908045958
3730.715935334873,0.0038074712643678676,0.005344827586206913
3735.2193995381062,0.005344827586206913,0.006882183908045958
3739.7228637413396,0.0038074712643678676,0.006882183908045958
3744.226327944573,0.0022701149425286005,0.005344827586206913
3748.729792147806,0.0038074712643678676,0.005344827586206913
3753.233256351039,0.0022701149425286005,0.0038074712643678676
3757.736720554273,0.0038074712643678676,0.006882183908045958
3762.240184757506,-0.0008045977011494898,0.0038074712643678676
3766.743648960739,0.0038074712643678676,0.005344827586206913
3771.2471131639722,0.0038074712643678676,0.008419540229885003
3775.7505773672056,0.005344827586206913,0.006882183908045958
3780.254041570439,0.006882183908045958,0.008419540229885003
3784.757505773672,0.005344827586206913,0.006882183908045958
3789.260969976905,0.0038074712643678676,0.006882183908045958
3793.764434180139,0.006882183908045958,0.008419540229885003
3798.267898383372,0.006882183908045958,0.009956896551724048
3802.771362586605,0.006882183908045958,0.009956896551724048
3807.2748267898382,0.008419540229885003,0.009956896551724048
3811.7782909930716,0.008419540229885003,0.009956896551724048
3816.281755196305,0.008419540229885003,0.009956896551724048
3820.785219399538,0.006882183908045958,0.008419540229885003
3825.2886836027715,0.006882183908045958,0.008419540229885003
3829.7921478060043,0.006882183908045958,0.008419540229885003
3834.295612009238,0.006882183908045958,0.008419540229885003
3838.799076212471,0.006882183908045958,0.008419540229885003
3843.3025404157042,0.006882183908045958,0.009956896551724048
3847.8060046189375,0.005344827586206913,0.008419540229885003
3852.309468822171,0.006882183908045958,0.008419540229885003
3856.812933025404,0.008419540229885003,0.011494252873563315
3861.3163972286375,0.009956896551724048,0.011494252873563315
3865.8198614318703,0.009956896551724048,0.011494252873563315
3870.323325635104,0.008419540229885003,0.009956896551724048
3874.8267898383374,0.005344827586206913,0.009956896551724048
3879.3302540415702,0.008419540229885003,0.009956896551724048
3883.8337182448035,0.008419540229885003,0.011494252873563315
3888.3371824480373,0.009956896551724048,0.011494252873563315
3892.84064665127,0.011494252873563315,0.014568965517241184
3897.3441108545035,0.014568965517241184,0.01610632183908045
3901.847575057737,0.01610632183908045,0.022255747126436742
3906.35103926097,0.022255747126436742,0.025330459770114833
3910.8545034642034,0.0237931034482759,0.02686781609195399
3915.3579676674362,0.02686781609195399,0.028405172413793034
3919.8614318706695,0.020718390804597697,0.02686781609195399
3924.3648960739033,0.014568965517241184,0.020718390804597697
3928.868360277136,0.01303160919540236,0.01610632183908045
3933.3718244803695,0.011494252873563315,0.01303160919540236
3937.875288683603,0.011494252873563315,0.01303160919540236
3942.378752886836,0.009956896551724048,0.01303160919540236
3946.8822170900694,0.01303160919540236,0.014568965517241184
3951.3856812933027,0.011494252873563315,0.01303160919540236
3955.8891454965355,0.011494252873563315,0.01303160919540236
3960.392609699769,0.009956896551724048,0.011494252873563315
3964.8960739030026,0.006882183908045958,0.009956896551724048
3969.3995381062355,0.008419540229885003,0.009956896551724048
3973.903002309469,0.006882183908045958,0.008419540229885003
3978.406466512702,0.005344827586206913,0.008419540229885003
3982.9099307159354,0.005344827586206913,0.008419540229885003
3987.4133949191687,0.005344827586206913,0.006882183908045958
3991.9168591224015,0.006882183908045958,0.008419540229885003
3996.420323325635,0.006882183908045958,0.008419540229885003
4000.9237875288686,0.006882183908045958,0.009956896551724048
4005.4272517321015,0.008419540229885003,0.011494252873563315
4009.930715935335,0.009956896551724048,0.014568965517241184
4014.434180138568,0.01303160919540236,0.014568965517241184
4018.9376443418014,0.008419540229885003,0.01303160919540236
