380.1385681293302,0.04685344827586213,0.05607758620689651
384.64203233256353,0.03301724137931028,0.04685344827586213
389.1454965357968,0.020718390804597697,0.03301724137931028
393.64896073903003,0.01610632183908045,0.020718390804597697
398.1524249422633,0.008419540229885003,0.017643678160919496
402.65588914549653,0.006882183908045958,0.009956896551724048
407.1593533487298,-0.0008045977011494898,0.006882183908045958
411.66281755196303,-0.002341954022988535,0.0007327586206895553
416.16628175519634,-0.002341954022988535,0.0022701149425286005
420.66974595842953,0.0022701149425286005,0.006882183908045958
425.17321016166284,0.006882183908045958,0.011494252873563315
429.6766743648961,0.009956896551724048,0.011494252873563315
434.18013856812934,0.011494252873563315,0.01610632183908045
438.6836027713626,0.01610632183908045,0.028405172413793034
443.18706697459584,0.028405172413793034,0.05454022988505747
447.69053117782914,0.02686781609195399,0.05607758620689651
452.19399538106234,0.011494252873563315,0.02686781609195399
456.69745958429564,0.011494252873563315,0.01303160919540236
461.2009237875289,0.01303160919540236,0.01610632183908045
465.7043879907621,0.01303160919540236,0.01610632183908045
470.20785219399534,0.014568965517241184,0.01610632183908045
474.71131639722864,0.01303160919540236,0.022255747126436742
479.2147806004619,0.022255747126436742,0.04070402298850573
483.71824480369514,0.04070402298850573,0.08067528735632179
488.2217090069284,0.08067528735632179,0.09143678160919533
492.72517321016164,0.05454022988505747,0.08528735632183904
497.2286374133949,0.04377873563218393,0.05454022988505747
501.7321016166282,0.04377873563218393,0.048390804597701065
506.23556581986145,0.04685344827586213,0.051465517241379266
510.7390300230947,0.051465517241379266,0.05761494252873556
515.242494226328,0.05761494252873556,0.10219827586206898
519.7459584295611,0.10219827586206898,0.12064655172413785
524.2494226327944,0.04685344827586213,0.10373563218390802
528.7528868360278,0.028405172413793034,0.04685344827586213
533.2563510392611,0.028405172413793034,0.034554597701149325
537.7598152424941,0.034554597701149325,0.03916666666666668
542.2632794457274,0.03301724137931028,0.03762931034482753
546.7667436489608,0.02994252873563208,0.03301724137931028
551.2702078521941,0.031479885057471235,0.034554597701149325
555.7736720554273,0.034554597701149325,0.04070402298850573
560.2771362586604,0.04070402298850573,0.051465517241379266
564.7806004618938,0.051465517241379266,0.06376436781609196
569.2840646651271,0.05300287356321831,0.06376436781609196
573.7875288683603,0.051465517241379266,0.05761494252873556
578.2909930715936,0.05761494252873556,0.08067528735632179
582.7944572748268,0.08067528735632179,0.12679597701149425
587.2979214780601,0.10527298850574707,0.13602011494252864
591.8013856812934,0.048390804597701065,0.10527298850574707
596.3048498845266,0.04070402298850573,0.048390804597701065
600.8083140877598,0.03916666666666668,0.04224137931034477
605.3117782909931,0.03916666666666668,0.04377873563218393
609.8152424942264,0.04224137931034477,0.04685344827586213
614.3187066974596,0.04685344827586213,0.05454022988505747
618.8221709006928,0.05454022988505747,0.07606321839080454
623.3256351039261,0.07298850574712634,0.08374999999999999
627.8290993071594,0.048390804597701065,0.07298850574712634
632.3325635103927,0.045316091954022975,0.048390804597701065
636.8360277136259,0.04377873563218393,0.045316091954022975
641.3394919168591,0.04377873563218393,0.045316091954022975
645.8429561200924,0.04377873563218393,0.045316091954022975
650.3464203233257,0.045316091954022975,0.048390804597701065
654.8498845265589,0.045316091954022975,0.04685344827586213
659.3533487297922,0.045316091954022975,0.04992816091954011
663.8568129330254,0.04992816091954011,0.051465517241379266
668.3602771362587,0.04685344827586213,0.04992816091954011
672.863741339492,0.04685344827586213,0.048390804597701065
677.3672055427252,0.04685344827586213,0.048390804597701065
681.8706697459585,0.048390804597701065,0.04992816091954011
686.3741339491917,0.048390804597701065,0.051465517241379266
690.877598152425,0.051465517241379266,0.05607758620689651
695.3810623556583,0.04992816091954011,0.05607758620689651
699.8845265588914,0.048390804597701065,0.04992816091954011
704.3879907621247,0.048390804597701065,0.05300287356321831
708.891454965358,0.051465517241379266,0.05454022988505747
713.3949191685913,0.04992816091954011,0.05454022988505747
717.8983833718245,0.05454022988505747,0.07760057471264359
722.4018475750578,0.045316091954022975,0.07760057471264359
726.905311778291,0.034554597701149325,0.045316091954022975
731.4087759815242,0.03301724137931028,0.034554597701149325
735.9122401847575,0.03301724137931028,0.034554597701149325
740.4157043879907,0.02994252873563208,0.03301724137931028
744.919168591224,0.028405172413793034,0.02994252873563208
749.4226327944573,0.028405172413793034,0.02994252873563208
753.9260969976905,0.02686781609195399,0.028405172413793034
758.4295612009238,0.025330459770114833,0.028405172413793034
762.933025404157,0.025330459770114833,0.02994252873563208
767.4364896073903,0.02994252873563208,0.048390804597701065
771.9399538106235,0.048390804597701065,0.07760057471264359
776.4434180138568,0.07760057471264359,0.09297413793103437
780.9468822170901,0.08682471264367819,0.09143678160919533
785.4503464203233,0.09143678160919533,0.10219827586206898
789.9538106235566,0.10219827586206898,0.11757183908045976
794.4572748267898,0.11757183908045976,0.15908045977011487
798.9607390300231,0.15908045977011487,0.20366379310344818
803.4642032332564,0.20366379310344818,0.2328735632183908
807.9676674364896,0.2328735632183908,0.2774568965517241
812.4711316397229,0.2774568965517241,0.3251149425287355
816.9745958429561,0.3051293103448275,0.3297270114942529
821.4780600461894,0.22364942528735632,0.3051293103448275
825.9815242494227,0.14524425287356324,0.22364942528735632
830.4849884526559,0.09912356321839078,0.14524425287356324
834.9884526558892,0.07760057471264359,0.09912356321839078
839.4919168591224,0.07606321839080454,0.07913793103448274
843.9953810623557,0.045316091954022975,0.07913793103448274
848.4988452655889,0.02994252873563208,0.045316091954022975
853.0023094688222,0.028405172413793034,0.031479885057471235
857.5057736720555,0.031479885057471235,0.04377873563218393
862.0092378752887,0.04377873563218393,0.05607758620689651
866.512702078522,0.05607758620689651,0.06991379310344814
871.0161662817552,0.06991379310344814,0.07760057471264359
875.5196304849884,0.059152298850574714,0.07606321839080454
880.0230946882217,0.034554597701149325,0.059152298850574714
884.5265588914549,0.020718390804597697,0.034554597701149325
889.0300230946882,0.017643678160919496,0.020718390804597697
893.5334872979214,0.01303160919540236,0.017643678160919496
898.0369515011547,0.009956896551724048,0.01303160919540236
902.540415704388,0.008419540229885003,0.009956896551724048
907.0438799076212,0.008419540229885003,0.009956896551724048
911.5473441108545,0.008419540229885003,0.011494252873563315
916.0508083140877,0.011494252873563315,0.017643678160919496
920.554272517321,0.017643678160919496,0.022255747126436742
925.0577367205542,0.022255747126436742,0.025330459770114833
929.5612009237875,0.020718390804597697,0.022255747126436742
934.0646651270208,0.01918103448275854,0.020718390804597697
938.568129330254,0.01918103448275854,0.020718390804597697
943.0715935334873,0.020718390804597697,0.025330459770114833
947.5750577367205,0.025330459770114833,0.028405172413793034
952.0785219399538,0.028405172413793034,0.03301724137931028
956.5819861431871,0.03301724137931028,0.04377873563218393
961.0854503464203,0.04377873563218393,0.059152298850574714
965.5889145496536,0.059152298850574714,0.06376436781609196
970.0923787528868,0.05761494252873556,0.062227011494252915
974.5958429561201,0.05454022988505747,0.05761494252873556
979.0993071593533,0.05300287356321831,0.05454022988505747
983.6027713625866,0.05300287356321831,0.05454022988505747
988.1062355658199,0.05300287356321831,0.05454022988505747
992.6096997690531,0.051465517241379266,0.05454022988505747
997.1131639722864,0.05454022988505747,0.06376436781609196
1001.6166281755196,0.06068965517241376,0.0683764367816091
1006.1200923787529,0.051465517241379266,0.06068965517241376
1010.6235565819862,0.04992816091954011,0.05300287356321831
1015.1270207852194,0.05300287356321831,0.062227011494252915
1019.6304849884527,0.062227011494252915,0.08067528735632179
1024.133949191686,0.08067528735632179,0.10527298850574707
1028.6374133949191,0.10527298850574707,0.12679597701149425
1033.1408775981524,0.12372126436781605,0.12987068965517246
1037.6443418013855,0.09758620689655173,0.12372126436781605
1042.1478060046188,0.0745258620689655,0.09758620689655173
1046.6512702078521,0.065301724137931,0.0745258620689655
1051.1547344110854,0.06376436781609196,0.065301724137931
1055.6581986143187,0.06376436781609196,0.065301724137931
1060.161662817552,0.065301724137931,0.0714511494252873
1064.6651270207853,0.0714511494252873,0.07760057471264359
1069.1685912240184,0.07760057471264359,0.08221264367816095
1073.6720554272517,0.08221264367816095,0.08374999999999999
1078.1755196304848,0.07760057471264359,0.08221264367816095
1082.6789838337181,0.07298850574712634,0.07760057471264359
1087.1824480369514,0.0714511494252873,0.07606321839080454
1091.6859122401847,0.07606321839080454,0.09451149425287353
1096.189376443418,0.09451149425287353,0.10219827586206898
1100.6928406466513,0.08221264367816095,0.09451149425287353
1105.1963048498847,0.07760057471264359,0.08374999999999999
1109.6997690531177,0.08374999999999999,0.09912356321839078
1114.203233256351,0.09912356321839078,0.10219827586206898
1118.7066974595843,0.09143678160919533,0.10066091954022982
1123.2101616628174,0.08528735632183904,0.09143678160919533
1127.7136258660507,0.08528735632183904,0.09297413793103437
1132.217090069284,0.09297413793103437,0.12064655172413785
1136.7205542725173,0.12064655172413785,0.19290229885057475
1141.2240184757507,0.19290229885057475,0.3466379310344827
1145.727482678984,0.3466379310344827,0.5495689655172413
1150.2309468822173,0.5495689655172413,0.6018390804597701
1154.7344110854503,0.46193965517241375,0.5956896551724138
1159.2378752886837,0.2328735632183908,0.46193965517241375
1163.741339491917,0.10219827586206898,0.2328735632183908
1168.24480369515,0.04377873563218393,0.10219827586206898
1172.7482678983833,0.03301724137931028,0.04377873563218393
1177.2517321016167,0.04070402298850573,0.10219827586206898
1181.75519630485,0.10219827586206898,0.14063218390804588
1186.258660508083,0.07298850574712634,0.1314080459770115
1190.7621247113166,0.051465517241379266,0.07298850574712634
1195.2655889145497,0.051465517241379266,0.07298850574712634
1199.7690531177827,0.07298850574712634,0.08528735632183904
1204.272517321016,0.08528735632183904,0.09604885057471257
1208.7759815242493,0.09604885057471257,0.14063218390804588
1213.2794457274827,0.14063218390804588,0.18060344827586206
1217.782909930716,0.17137931034482756,0.18367816091954015
1222.2863741339493,0.1375574712643678,0.17137931034482756
1226.7898383371826,0.10988505747126442,0.1375574712643678
1231.2933025404157,0.08682471264367819,0.10988505747126442
1235.796766743649,0.07298850574712634,0.08682471264367819
1240.3002309468823,0.06376436781609196,0.07298850574712634
1244.8036951501156,0.059152298850574714,0.06376436781609196
1249.3071593533487,0.059152298850574714,0.06376436781609196
1253.810623556582,0.06376436781609196,0.0714511494252873
1258.3140877598153,0.0714511494252873,0.08374999999999999
1262.8175519630483,0.08374999999999999,0.09912356321839078
1267.3210161662819,0.09912356321839078,0.10834770114942527
1271.824480369515,0.10834770114942527,0.1252586206896552
1276.3279445727483,0.1252586206896552,0.15139367816091953
1280.8314087759813,0.15139367816091953,0.1852155172413793
1285.3348729792149,0.1852155172413793,0.2267241379310344
1289.838337182448,0.2267241379310344,0.2774568965517241
1294.3418013856813,0.2774568965517241,0.36662356321839085
1298.8452655889146,0.35739942528735635,0.38507183908045983
1303.3487297921479,0.2897557471264367,0.35739942528735635
1307.852193995381,0.2513218390804598,0.2897557471264367
1312.3556581986143,0.21750000000000003,0.2513218390804598
1316.8591224018476,0.1882902298850575,0.21750000000000003
1321.3625866050809,0.16061781609195402,0.1882902298850575
1325.866050808314,0.15600574712643667,0.16676724137931032
1330.3695150115475,0.16676724137931032,0.2328735632183908
1334.8729792147806,0.16984195402298852,0.235948275862069
1339.3764434180139,0.08067528735632179,0.16984195402298852
1343.879907621247,0.05761494252873556,0.08067528735632179
1348.3833718244805,0.05300287356321831,0.05761494252873556
1352.8868360277136,0.05454022988505747,0.05607758620689651
1357.3903002309469,0.05607758620689651,0.05761494252873556
1361.8937644341802,0.05761494252873556,0.06068965517241376
1366.3972286374135,0.06068965517241376,0.065301724137931
1370.9006928406466,0.05607758620689651,0.06376436781609196
1375.40415704388,0.048390804597701065,0.05607758620689651
1379.9076212471132,0.04685344827586213,0.048390804597701065
1384.4110854503465,0.04685344827586213,0.048390804597701065
1388.9145496535796,0.04685344827586213,0.048390804597701065
1393.418013856813,0.04685344827586213,0.048390804597701065
1397.9214780600462,0.048390804597701065,0.051465517241379266
1402.4249422632795,0.051465517241379266,0.05607758620689651
1406.9284064665128,0.05607758620689651,0.059152298850574714
1411.4318706697459,0.05607758620689651,0.059152298850574714
1415.9353348729792,0.05607758620689651,0.059152298850574714
1420.4387990762123,0.059152298850574714,0.07760057471264359
1424.9422632794458,0.07760057471264359,0.12679597701149425
1429.4457274826789,0.12679597701149425,0.21135057471264362
1433.9491916859122,0.21135057471264362,0.22518678160919536
1438.4526558891455,0.19290229885057475,0.22211206896551716
1442.9561200923788,0.12064655172413785,0.19290229885057475
1447.4595842956119,0.08067528735632179,0.12064655172413785
1451.9630484988454,0.0683764367816091,0.08067528735632179
1456.4665127020785,0.0683764367816091,0.06991379310344814
1460.9699769053118,0.065301724137931,0.0683764367816091
1465.4734411085449,0.065301724137931,0.06683908045977016
1469.9769053117784,0.06683908045977016,0.0683764367816091
1474.4803695150115,0.0683764367816091,0.0714511494252873
1478.9838337182448,0.0714511494252873,0.07913793103448274
1483.487297921478,0.07913793103448274,0.10373563218390802
1487.9907621247114,0.10373563218390802,0.15139367816091953
1492.4942263279445,0.15139367816091953,0.2743821839080459
1496.9976905311778,0.2743821839080459,0.2959051724137931
1501.501154734411,0.2743821839080459,0.3343390804597701
1506.0046189376444,0.3343390804597701,0.503448275862069
1510.5080831408775,0.503448275862069,0.5464942528735632
1515.011547344111,0.30666666666666664,0.5203591954022988
1519.515011547344,0.1759913793103447,0.30666666666666664
1524.0184757505774,0.1314080459770115,0.1759913793103447
1528.5219399538107,0.12218390804597701,0.1314080459770115
1533.025404157044,0.12218390804597701,0.13602011494252864
1537.528868360277,0.13602011494252864,0.17752873563218385
1542.0323325635104,0.17752873563218385,0.25593390804597704
1546.5357967667437,0.25593390804597704,0.3881465517241378
1551.0392609699768,0.3881465517241378,0.5311206896551723
1555.54272517321,0.5311206896551723,0.6110632183908046
1560.0461893764434,0.5511063218390805,0.6126005747126437
1564.5496535796767,0.43272988505747123,0.5511063218390805
1569.0531177829098,0.42658045977011494,0.485
1573.556581986143,0.485,0.6833189655172414
1578.0600461893764,0.6833189655172414,0.8801005747126437
1582.5635103926097,0.8801005747126437,0.981566091954023
1587.0669745958428,0.981566091954023,1.000014367816092
1591.5704387990763,0.8601149425287357,0.9923275862068965
1596.0739030023094,0.6633333333333333,0.8601149425287357
1600.5773672055427,0.5649425287356322,0.6633333333333333
1605.080831408776,0.5341954022988505,0.5649425287356322
1609.5842956120093,0.5372701149425287,0.5941522988505747
1614.0877598152424,0.5941522988505747,0.6064511494252873
1618.5912240184757,0.5680172413793103,0.5987643678160919
1623.094688221709,0.541882183908046,0.5680172413793103
1627.5981524249423,0.504985632183908,0.541882183908046
1632.1016166281754,0.45579022988505746,0.504985632183908
1636.605080831409,0.4004454022988506,0.45579022988505746
1641.108545034642,0.3497126436781609,0.4004454022988506
1645.6120092378753,0.30974137931034473,0.3497126436781609
1650.1154734411084,0.2989798850574713,0.30974137931034473
1654.618937644342,0.2989798850574713,0.3235775862068966
1659.122401847575,0.3235775862068966,0.36047413793103444
1663.6258660508083,0.36047413793103444,0.37584770114942523
1668.1293302540416,0.3312643678160919,0.3743103448275862
1672.632794457275,0.24670977011494244,0.3312643678160919
1677.136258660508,0.16369252873563211,0.24670977011494244
1681.6397228637413,0.11449712643678156,0.16369252873563211
1686.1431870669746,0.08528735632183904,0.11449712643678156
1690.646651270208,0.065301724137931,0.08528735632183904
1695.150115473441,0.04992816091954011,0.065301724137931
1699.6535796766743,0.03916666666666668,0.04992816091954011
1704.1570438799076,0.03301724137931028,0.03916666666666668
1708.6605080831407,0.02994252873563208,0.03301724137931028
1713.1639722863742,0.025330459770114833,0.02994252873563208
1717.6674364896073,0.0237931034482759,0.025330459770114833
1722.1709006928406,0.020718390804597697,0.022255747126436742
1726.6743648960737,0.017643678160919496,0.020718390804597697
1731.1778290993072,0.01610632183908045,0.01918103448275854
1735.6812933025403,0.014568965517241184,0.01610632183908045
1740.1847575057736,0.01303160919540236,0.014568965517241184
1744.688221709007,0.011494252873563315,0.01303160919540236
1749.1916859122402,0.011494252873563315,0.01303160919540236
1753.6951501154733,0.011494252873563315,0.01303160919540236
1758.1986143187066,0.011494252873563315,0.014568965517241184
1762.70207852194,0.01303160919540236,0.014568965517241184
1767.2055427251732,0.01303160919540236,0.014568965517241184
1771.7090069284063,0.014568965517241184,0.01610632183908045
1776.2124711316399,0.014568965517241184,0.01610632183908045
1780.715935334873,0.014568965517241184,0.01610632183908045
1785.2193995381062,0.01303160919540236,0.014568965517241184
1789.7228637413396,0.01303160919540236,0.014568965517241184
1794.2263279445729,0.011494252873563315,0.01303160919540236
1798.729792147806,0.009956896551724048,0.011494252873563315
1803.2332563510392,0.008419540229885003,0.009956896551724048
1807.7367205542726,0.008419540229885003,0.009956896551724048
1812.2401847575059,0.008419540229885003,0.009956896551724048
1816.743648960739,0.008419540229885003,0.009956896551724048
1821.2471131639725,0.008419540229885003,0.009956896551724048
1825.7505773672056,0.008419540229885003,0.009956896551724048
1830.2540415704389,0.008419540229885003,0.009956896551724048
1834.757505773672,0.008419540229885003,0.009956896551724048
1839.2609699769055,0.008419540229885003,0.009956896551724048
1843.7644341801386,0.008419540229885003,0.009956896551724048
1848.2678983833719,0.008419540229885003,0.009956896551724048
1852.7713625866052,0.008419540229885003,0.009956896551724048
1857.2748267898382,0.008419540229885003,0.009956896551724048
1861.7782909930716,0.008419540229885003,0.009956896551724048
1866.2817551963049,0.008419540229885003,0.009956896551724048
1870.7852193995382,0.008419540229885003,0.009956896551724048
1875.2886836027712,0.008419540229885003,0.009956896551724048
1879.7921478060046,0.009956896551724048,0.011494252873563315
1884.2956120092379,0.011494252873563315,0.014568965517241184
1888.7990762124712,0.014568965517241184,0.01610632183908045
1893.3025404157042,0.014568965517241184,0.017643678160919496
1897.8060046189378,0.01610632183908045,0.017643678160919496
1902.3094688221709,0.01610632183908045,0.017643678160919496
1906.8129330254042,0.014568965517241184,0.01610632183908045
1911.3163972286372,0.01303160919540236,0.014568965517241184
1915.8198614318708,0.011494252873563315,0.014568965517241184
1920.3233256351039,0.011494252873563315,0.01303160919540236
1924.8267898383372,0.009956896551724048,0.011494252873563315
1929.3302540415705,0.008419540229885003,0.009956896551724048
1933.8337182448038,0.008419540229885003,0.009956896551724048
1938.3371824480369,0.008419540229885003,0.009956896551724048
1942.8406466512704,0.008419540229885003,0.009956896551724048
1947.3441108545035,0.008419540229885003,0.009956896551724048
1951.8475750577368,0.008419540229885003,0.009956896551724048
1956.3510392609699,0.008419540229885003,0.011494252873563315
1960.8545034642034,0.008419540229885003,0.009956896551724048
1965.3579676674365,0.008419540229885003,0.009956896551724048
1969.8614318706698,0.008419540229885003,0.009956896551724048
1974.364896073903,0.006882183908045958,0.008419540229885003
1978.8683602771364,0.008419540229885003,0.009956896551724048
1983.3718244803695,0.008419540229885003,0.009956896551724048
1987.8752886836028,0.008419540229885003,0.009956896551724048
1992.378752886836,0.009956896551724048,0.011494252873563315
1996.8822170900694,0.009956896551724048,0.01303160919540236
2001.3856812933025,0.011494252873563315,0.014568965517241184
2005.8891454965358,0.01303160919540236,0.014568965517241184
2010.392609699769,0.014568965517241184,0.01610632183908045
2014.8960739030022,0.014568965517241184,0.01610632183908045
2019.3995381062355,0.01303160919540236,0.01610632183908045
2023.9030023094688,0.011494252873563315,0.01303160919540236
2028.406466512702,0.009956896551724048,0.011494252873563315
2032.9099307159352,0.008419540229885003,0.009956896551724048
2037.4133949191687,0.008419540229885003,0.009956896551724048
2041.9168591224018,0.008419540229885003,0.009956896551724048
2046.420323325635,0.008419540229885003,0.009956896551724048
2050.923787528868,0.008419540229885003,0.009956896551724048
2055.4272517321015,0.009956896551724048,0.011494252873563315
2059.930715935335,0.008419540229885003,0.009956896551724048
2064.434180138568,0.008419540229885003,0.009956896551724048
2068.9376443418014,0.008419540229885003,0.009956896551724048
2073.4411085450347,0.008419540229885003,0.009956896551724048
2077.944572748268,0.008419540229885003,0.009956896551724048
2082.4480369515013,0.009956896551724048,0.011494252873563315
2086.9515011547346,0.009956896551724048,0.011494252873563315
2091.454965357968,0.011494252873563315,0.01303160919540236
2095.958429561201,0.011494252873563315,0.01303160919540236
2100.4618937644345,0.011494252873563315,0.01303160919540236
2104.9653579676674,0.009956896551724048,0.011494252873563315
2109.4688221709007,0.009956896551724048,0.011494252873563315
2113.972286374134,0.008419540229885003,0.009956896551724048
2118.4757505773673,0.008419540229885003,0.011494252873563315
2122.9792147806,0.009956896551724048,0.011494252873563315
2127.482678983834,0.009956896551724048,0.011494252873563315
2131.986143187067,0.009956896551724048,0.011494252873563315
2136.4896073903,0.009956896551724048,0.011494252873563315
2140.9930715935334,0.009956896551724048,0.011494252873563315
2145.4965357967667,0.009956896551724048,0.011494252873563315
2150.0,0.009956896551724048,0.011494252873563315
2154.5034642032333,0.009956896551724048,0.011494252873563315
2159.0069284064666,0.009956896551724048,0.011494252873563315
2163.5103926097,0.009956896551724048,0.011494252873563315
2168.013856812933,0.008419540229885003,0.009956896551724048
2172.517321016166,0.008419540229885003,0.009956896551724048
2177.0207852194,0.009956896551724048,0.011494252873563315
2181.524249422633,0.009956896551724048,0.011494252873563315
2186.027713625866,0.009956896551724048,0.011494252873563315
2190.5311778290993,0.009956896551724048,0.011494252873563315
2195.034642032332,0.009956896551724048,0.011494252873563315
2199.5381062355655,0.009956896551724048,0.011494252873563315
2204.041570438799,0.009956896551724048,0.011494252873563315
2208.545034642032,0.009956896551724048,0.011494252873563315
2213.0484988452654,0.009956896551724048,0.011494252873563315
2217.5519630484987,0.008419540229885003,0.009956896551724048
2222.055427251732,0.008419540229885003,0.009956896551724048
2226.5588914549653,0.008419540229885003,0.009956896551724048
2231.0623556581986,0.008419540229885003,0.009956896551724048
2235.565819861432,0.008419540229885003,0.009956896551724048
2240.069284064665,0.008419540229885003,0.009956896551724048
2244.5727482678985,0.008419540229885003,0.009956896551724048
2249.0762124711314,0.008419540229885003,0.009956896551724048
2253.579676674365,0.008419540229885003,0.009956896551724048
2258.0831408775985,0.008419540229885003,0.009956896551724048
2262.5866050808313,0.008419540229885003,0.009956896551724048
2267.0900692840646,0.008419540229885003,0.009956896551724048
2271.593533487298,0.008419540229885003,0.009956896551724048
2276.096997690531,0.008419540229885003,0.009956896551724048
2280.6004618937645,0.008419540229885003,0.009956896551724048
2285.1039260969974,0.008419540229885003,0.009956896551724048
2289.607390300231,0.008419540229885003,0.009956896551724048
2294.1108545034645,0.008419540229885003,0.009956896551724048
2298.6143187066973,0.008419540229885003,0.009956896551724048
2303.1177829099306,0.008419540229885003,0.009956896551724048
2307.621247113164,0.008419540229885003,0.009956896551724048
2312.124711316397,0.009956896551724048,0.011494252873563315
2316.6281755196305,0.011494252873563315,0.01303160919540236
2321.131639722864,0.011494252873563315,0.01303160919540236
2325.6351039260967,0.011494252873563315,0.01303160919540236
2330.1385681293305,0.009956896551724048,0.011494252873563315
2334.6420323325638,0.009956896551724048,0.011494252873563315
2339.1454965357966,0.009956896551724048,0.011494252873563315
2343.64896073903,0.008419540229885003,0.009956896551724048
2348.152424942263,0.008419540229885003,0.009956896551724048
2352.6558891454965,0.008419540229885003,0.009956896551724048
2357.15935334873,0.008419540229885003,0.011494252873563315
2361.6628175519627,0.009956896551724048,0.011494252873563315
2366.1662817551965,0.009956896551724048,0.011494252873563315
2370.6697459584298,0.008419540229885003,0.009956896551724048
2375.1732101616626,0.008419540229885003,0.009956896551724048
2379.676674364896,0.008419540229885003,0.009956896551724048
2384.1801385681297,0.008419540229885003,0.009956896551724048
2388.6836027713625,0.008419540229885003,0.009956896551724048
2393.187066974596,0.008419540229885003,0.009956896551724048
2397.690531177829,0.008419540229885003,0.011494252873563315
2402.1939953810625,0.008419540229885003,0.009956896551724048
2406.6974595842958,0.008419540229885003,0.009956896551724048
2411.200923787529,0.008419540229885003,0.009956896551724048
2415.704387990762,0.008419540229885003,0.009956896551724048
2420.2078521939957,0.008419540229885003,0.009956896551724048
2424.7113163972285,0.008419540229885003,0.009956896551724048
2429.214780600462,0.008419540229885003,0.009956896551724048
2433.718244803695,0.008419540229885003,0.009956896551724048
2438.2217090069284,0.008419540229885003,0.009956896551724048
2442.7251732101618,0.008419540229885003,0.009956896551724048
2447.228637413395,0.009956896551724048,0.011494252873563315
2451.732101616628,0.011494252873563315,0.01303160919540236
2456.235565819861,0.011494252873563315,0.01303160919540236
2460.739030023095,0.011494252873563315,0.01303160919540236
2465.242494226328,0.009956896551724048,0.011494252873563315
2469.745958429561,0.009956896551724048,0.011494252873563315
2474.2494226327944,0.009956896551724048,0.011494252873563315
2478.7528868360278,0.009956896551724048,0.011494252873563315
2483.256351039261,0.008419540229885003,0.009956896551724048
2487.759815242494,0.008419540229885003,0.009956896551724048
2492.263279445727,0.008419540229885003,0.009956896551724048
2496.766743648961,0.008419540229885003,0.009956896551724048
2501.270207852194,0.008419540229885003,0.009956896551724048
2505.773672055427,0.008419540229885003,0.009956896551724048
2510.2771362586604,0.008419540229885003,0.009956896551724048
2514.7806004618938,0.008419540229885003,0.009956896551724048
2519.284064665127,0.008419540229885003,0.011494252873563315
2523.7875288683604,0.011494252873563315,0.01303160919540236
2528.290993071593,0.011494252873563315,0.01303160919540236
2532.794457274827,0.009956896551724048,0.011494252873563315
2537.2979214780603,0.009956896551724048,0.011494252873563315
2541.801385681293,0.009956896551724048,0.011494252873563315
2546.3048498845264,0.008419540229885003,0.009956896551724048
2550.80831408776,0.008419540229885003,0.009956896551724048
2555.311778290993,0.008419540229885003,0.009956896551724048
2559.8152424942264,0.008419540229885003,0.009956896551724048
2564.318706697459,0.008419540229885003,0.009956896551724048
2568.822170900693,0.008419540229885003,0.009956896551724048
2573.3256351039263,0.008419540229885003,0.009956896551724048
2577.829099307159,0.008419540229885003,0.009956896551724048
2582.3325635103924,0.008419540229885003,0.009956896551724048
2586.836027713626,0.008419540229885003,0.009956896551724048
2591.339491916859,0.008419540229885003,0.009956896551724048
2595.8429561200924,0.008419540229885003,0.009956896551724048
2600.3464203233257,0.008419540229885003,0.009956896551724048
2604.849884526559,0.008419540229885003,0.009956896551724048
2609.3533487297923,0.008419540229885003,0.009956896551724048
2613.8568129330256,0.008419540229885003,0.011494252873563315
2618.3602771362584,0.008419540229885003,0.009956896551724048
2622.8637413394918,0.006882183908045958,0.008419540229885003
2627.3672055427255,0.006882183908045958,0.008419540229885003
2631.8706697459584,0.006882183908045958,0.009956896551724048
2636.3741339491917,0.008419540229885003,0.009956896551724048
2640.8775981524245,0.008419540229885003,0.009956896551724048
2645.3810623556583,0.008419540229885003,0.009956896551724048
2649.8845265588916,0.008419540229885003,0.009956896551724048
2654.3879907621244,0.008419540229885003,0.009956896551724048
2658.8914549653578,0.008419540229885003,0.009956896551724048
2663.3949191685915,0.008419540229885003,0.009956896551724048
2667.8983833718244,0.008419540229885003,0.009956896551724048
2672.4018475750577,0.008419540229885003,0.009956896551724048
2676.905311778291,0.008419540229885003,0.009956896551724048
2681.4087759815243,0.008419540229885003,0.009956896551724048
2685.9122401847576,0.008419540229885003,0.009956896551724048
2690.415704387991,0.008419540229885003,0.011494252873563315
2694.9191685912238,0.008419540229885003,0.009956896551724048
2699.4226327944575,0.008419540229885003,0.009956896551724048
2703.926096997691,0.009956896551724048,0.011494252873563315
2708.4295612009237,0.008419540229885003,0.009956896551724048
2712.933025404157,0.009956896551724048,0.011494252873563315
2717.4364896073903,0.011494252873563315,0.01303160919540236
2721.9399538106236,0.01303160919540236,0.014568965517241184
2726.443418013857,0.014568965517241184,0.01918103448275854
2730.9468822170898,0.01918103448275854,0.025330459770114833
2735.4503464203235,0.025330459770114833,0.028405172413793034
2739.953810623557,0.028405172413793034,0.031479885057471235
2744.4572748267897,0.02994252873563208,0.031479885057471235
2748.960739030023,0.031479885057471235,0.03301724137931028
2753.4642032332563,0.031479885057471235,0.03301724137931028
2757.9676674364896,0.02994252873563208,0.03301724137931028
2762.471131639723,0.02686781609195399,0.02994252873563208
2766.974595842956,0.020718390804597697,0.02686781609195399
2771.478060046189,0.014568965517241184,0.020718390804597697
2775.981524249423,0.01303160919540236,0.014568965517241184
2780.484988452656,0.009956896551724048,0.011494252873563315
2784.988452655889,0.008419540229885003,0.009956896551724048
2789.4919168591223,0.006882183908045958,0.009956896551724048
2793.9953810623556,0.006882183908045958,0.008419540229885003
2798.498845265589,0.006882183908045958,0.008419540229885003
2803.002309468822,0.006882183908045958,0.008419540229885003
2807.505773672055,0.006882183908045958,0.009956896551724048
2812.009237875289,0.009956896551724048,0.01303160919540236
2816.512702078522,0.01303160919540236,0.01610632183908045
2821.016166281755,0.01610632183908045,0.017643678160919496
2825.5196304849883,0.014568965517241184,0.01610632183908045
2830.023094688222,0.011494252873563315,0.014568965517241184
2834.526558891455,0.009956896551724048,0.011494252873563315
2839.030023094688,0.008419540229885003,0.011494252873563315
2843.5334872979215,0.011494252873563315,0.01303160919540236
2848.036951501155,0.01303160919540236,0.01918103448275854
2852.540415704388,0.01918103448275854,0.02686781609195399
2857.0438799076214,0.02686781609195399,0.03301724137931028
2861.5473441108543,0.03301724137931028,0.03916666666666668
2866.050808314088,0.03916666666666668,0.04377873563218393
2870.554272517321,0.04377873563218393,0.045316091954022975
2875.057736720554,0.04224137931034477,0.045316091954022975
2879.5612009237875,0.04224137931034477,0.04377873563218393
2884.064665127021,0.04224137931034477,0.04377873563218393
2888.568129330254,0.04377873563218393,0.045316091954022975
2893.0715935334874,0.04224137931034477,0.04377873563218393
2897.5750577367203,0.04224137931034477,0.04377873563218393
2902.0785219399536,0.04070402298850573,0.04224137931034477
2906.5819861431874,0.03916666666666668,0.04224137931034477
2911.08545034642,0.03762931034482753,0.03916666666666668
2915.5889145496535,0.03916666666666668,0.04224137931034477
2920.092378752887,0.04224137931034477,0.048390804597701065
2924.59584295612,0.048390804597701065,0.05607758620689651
2929.0993071593534,0.05607758620689651,0.06068965517241376
2933.6027713625867,0.05454022988505747,0.059152298850574714
2938.1062355658196,0.04992816091954011,0.05454022988505747
2942.6096997690533,0.045316091954022975,0.04992816091954011
2947.113163972286,0.04377873563218393,0.045316091954022975
2951.6166281755195,0.04070402298850573,0.04377873563218393
2956.120092378753,0.04070402298850573,0.04224137931034477
2960.623556581986,0.04070402298850573,0.04224137931034477
2965.1270207852194,0.04224137931034477,0.04992816091954011
2969.6304849884527,0.04992816091954011,0.06068965517241376
2974.1339491916856,0.06068965517241376,0.0714511494252873
2978.6374133949193,0.0714511494252873,0.07606321839080454
2983.1408775981527,0.07298850574712634,0.07606321839080454
2987.6443418013855,0.062227011494252915,0.07298850574712634
2992.147806004619,0.051465517241379266,0.062227011494252915
2996.6512702078526,0.04377873563218393,0.051465517241379266
3001.1547344110854,0.04070402298850573,0.04377873563218393
3005.6581986143187,0.03916666666666668,0.04070402298850573
3010.161662817552,0.03762931034482753,0.03916666666666668
3014.6651270207853,0.03916666666666668,0.04070402298850573
3019.1685912240187,0.04070402298850573,0.045316091954022975
3023.6720554272515,0.045316091954022975,0.051465517241379266
3028.175519630485,0.051465517241379266,0.059152298850574714
3032.6789838337186,0.059152298850574714,0.06376436781609196
3037.1824480369514,0.06376436781609196,0.065301724137931
3041.6859122401847,0.06376436781609196,0.065301724137931
3046.189376443418,0.06068965517241376,0.06376436781609196
3050.6928406466513,0.05454022988505747,0.06068965517241376
3055.1963048498847,0.051465517241379266,0.05454022988505747
3059.699769053118,0.051465517241379266,0.05300287356321831
3064.203233256351,0.051465517241379266,0.05454022988505747
3068.706697459584,0.05300287356321831,0.05454022988505747
3073.210161662818,0.04992816091954011,0.05300287356321831
3077.7136258660507,0.048390804597701065,0.04992816091954011
3082.217090069284,0.048390804597701065,0.04992816091954011
3086.7205542725173,0.048390804597701065,0.051465517241379266
3091.2240184757507,0.051465517241379266,0.05454022988505747
3095.727482678984,0.051465517241379266,0.05454022988505747
3100.230946882217,0.04992816091954011,0.05300287356321831
3104.73441108545,0.04992816091954011,0.05300287356321831
3109.237875288684,0.05300287356321831,0.059152298850574714
3113.7413394919167,0.059152298850574714,0.06376436781609196
3118.24480369515,0.06376436781609196,0.0683764367816091
3122.7482678983833,0.0683764367816091,0.0714511494252873
3127.2517321016167,0.0714511494252873,0.07606321839080454
3131.75519630485,0.07606321839080454,0.08067528735632179
3136.2586605080833,0.08067528735632179,0.08528735632183904
3140.762124711316,0.08528735632183904,0.08989942528735628
3145.26558891455,0.08989942528735628,0.09604885057471257
3149.769053117783,0.09604885057471257,0.10219827586206898
3154.272517321016,0.10219827586206898,0.10988505747126442
3158.7759815242493,0.10988505747126442,0.1191091954022988
3163.2794457274827,0.1191091954022988,0.12679597701149425
3167.782909930716,0.12679597701149425,0.13602011494252864
3172.2863741339493,0.13602011494252864,0.14524425287356324
3176.789838337182,0.14524425287356324,0.15446839080459762
3181.293302540416,0.15446839080459762,0.16676724137931032
3185.796766743649,0.16676724137931032,0.1790660919540229
3190.300230946882,0.1790660919540229,0.19290229885057475
3194.8036951501153,0.19290229885057475,0.20673850574712638
3199.3071593533487,0.20673850574712638,0.22364942528735632
3203.810623556582,0.22364942528735632,0.239022988505747
3208.3140877598153,0.239022988505747,0.2543965517241379
3212.8175519630486,0.2543965517241379,0.2713074712643678
3217.3210161662814,0.2713074712643678,0.2897557471264367
3221.824480369515,0.2897557471264367,0.30359195402298844
3226.3279445727485,0.30359195402298844,0.3143534482758621
3230.8314087759813,0.3143534482758621,0.32204022988505754
3235.3348729792147,0.32204022988505754,0.3266522988505747
3239.838337182448,0.3235775862068966,0.3266522988505747
3244.3418013856813,0.3174281609195402,0.3235775862068966
3248.8452655889146,0.30666666666666664,0.3174281609195402
3253.3487297921474,0.2959051724137931,0.30666666666666664
3257.852193995381,0.2866810344827586,0.2959051724137931
3262.3556581986145,0.2789942528735633,0.2866810344827586
3266.8591224018473,0.2743821839080459,0.2789942528735633
3271.3625866050807,0.2713074712643678,0.2743821839080459
3275.8660508083144,0.26977011494252867,0.2713074712643678
3280.3695150115473,0.2713074712643678,0.2728448275862069
3284.8729792147806,0.2728448275862069,0.2789942528735633
3289.376443418014,0.2789942528735633,0.28206896551724125
3293.879907621247,0.28206896551724125,0.2897557471264367
3298.3833718244805,0.2897557471264367,0.2989798850574713
3302.886836027714,0.2989798850574713,0.3112787356321839
3307.3903002309467,0.3112787356321839,0.3235775862068966
3311.8937644341804,0.3235775862068966,0.33895114942528737
3316.3972286374133,0.33895114942528737,0.3558620689655172
3320.9006928406466,0.3558620689655172,0.3743103448275862
3325.40415704388,0.3743103448275862,0.391221264367816
3329.907621247113,0.391221264367816,0.41120689655172404
3334.4110854503465,0.41120689655172404,0.4342672413793103
3338.91454965358,0.4342672413793103,0.4573275862068965
3343.4180138568126,0.4573275862068965,0.47731321839080454
3347.9214780600464,0.47731321839080454,0.4957614942528735
3352.4249422632797,0.4957614942528735,0.5157471264367817
3356.9284064665126,0.5157471264367817,0.5326580459770115
3361.431870669746,0.5326580459770115,0.5464942528735632
3365.935334872979,0.5464942528735632,0.5526436781609195
3370.4387990762125,0.5526436781609195,0.5557183908045977
3374.942263279446,0.5557183908045977,0.5587931034482758
3379.445727482679,0.5541810344827587,0.5572557471264368
3383.949191685912,0.5511063218390805,0.5541810344827587
3388.4526558891457,0.5434195402298851,0.5511063218390805
3392.9561200923786,0.5341954022988505,0.5434195402298851
3397.459584295612,0.524971264367816,0.5341954022988505
3401.963048498845,0.5126724137931035,0.524971264367816
3406.4665127020785,0.49729885057471257,0.5126724137931035
3410.969976905312,0.48038793103448274,0.49729885057471257
3415.473441108545,0.466551724137931,0.48038793103448274
3419.976905311778,0.45579022988505746,0.466551724137931
3424.4803695150117,0.4511781609195402,0.45579022988505746
3428.983833718245,0.44964080459770117,0.4511781609195402
3433.487297921478,0.4511781609195402,0.4542528735632183
3437.990762124711,0.4542528735632183,0.4573275862068965
3442.494226327945,0.45579022988505746,0.4573275862068965
3446.997690531178,0.4573275862068965,0.4604022988505747
3451.501154734411,0.4604022988505747,0.46501436781609196
3456.0046189376444,0.46501436781609196,0.46808908045977016
3460.5080831408777,0.46808908045977016,0.4727011494252874
3465.011547344111,0.4727011494252874,0.47423850574712634
3469.515011547344,0.47116379310344825,0.47423850574712634
3474.018475750577,0.47116379310344825,0.4727011494252874
3478.521939953811,0.46808908045977016,0.47116379310344825
3483.025404157044,0.46193965517241375,0.46808908045977016
3487.528868360277,0.4527155172413794,0.46193965517241375
3492.0323325635104,0.4373419540229885,0.4527155172413794
3496.5357967667437,0.42043103448275865,0.4373419540229885
3501.039260969977,0.40198275862068966,0.42043103448275865
3505.5427251732103,0.38199712643678163,0.40198275862068966
3510.046189376443,0.3620114942528736,0.38199712643678163
3514.5496535796765,0.34510057471264366,0.3620114942528736
3519.0531177829102,0.3297270114942529,0.34510057471264366
3523.556581986143,0.31896551724137934,0.3297270114942529
3528.0600461893764,0.3082040229885057,0.31896551724137934
3532.5635103926097,0.2989798850574713,0.3082040229885057
3537.066974595843,0.2928304597701149,0.2989798850574713
3541.5704387990763,0.2866810344827586,0.2928304597701149
3546.073903002309,0.2774568965517241,0.2866810344827586
3550.5773672055425,0.26977011494252867,0.2774568965517241
3555.0808314087762,0.2620833333333332,0.26977011494252867
3559.584295612009,0.25593390804597704,0.2620833333333332
3564.0877598152424,0.24978448275862064,0.25593390804597704
3568.5912240184757,0.24363505747126435,0.24978448275862064
3573.094688221709,0.23748563218390806,0.24363505747126435
3577.5981524249423,0.2297988505747126,0.23748563218390806
3582.1016166281756,0.22364942528735632,0.2297988505747126
3586.6050808314085,0.21750000000000003,0.22364942528735632
3591.1085450346422,0.21135057471264362,0.21750000000000003
3595.6120092378756,0.20520114942528733,0.21135057471264362
3600.1154734411084,0.19751436781609188,0.20520114942528733
3604.6189376443417,0.1913649425287356,0.19751436781609188
3609.1224018475755,0.18367816091954015,0.1913649425287356
3613.6258660508083,0.17752873563218385,0.18367816091954015
3618.1293302540416,0.17291666666666672,0.17752873563218385
3622.6327944572745,0.16676724137931032,0.17291666666666672
3627.1362586605082,0.16061781609195402,0.16676724137931032
3631.6397228637416,0.15600574712643667,0.16061781609195402
3636.1431870669744,0.1498563218390805,0.15600574712643667
3640.6466512702077,0.14063218390804588,0.1498563218390805
3645.150115473441,0.13294540229885055,0.14063218390804588
3649.6535796766743,0.12679597701149425,0.13294540229885055
3654.1570438799076,0.12064655172413785,0.12679597701149425
3658.660508083141,0.11142241379310336,0.12064655172413785
3663.163972286374,0.10219827586206898,0.11142241379310336
3667.6674364896076,0.09297413793103437,0.10219827586206898
3672.170900692841,0.08374999999999999,0.09297413793103437
3676.6743648960737,0.0745258620689655,0.08374999999999999
3681.177829099307,0.06683908045977016,0.0745258620689655
3685.681293302541,0.059152298850574714,0.06683908045977016
3690.1847575057736,0.05300287356321831,0.059152298850574714
3694.688221709007,0.045316091954022975,0.05300287356321831
3699.19168591224,0.04070402298850573,0.045316091954022975
3703.6951501154736,0.03609195402298848,0.04070402298850573
3708.198614318707,0.031479885057471235,0.03609195402298848
3712.7020785219397,0.028405172413793034,0.031479885057471235
3717.205542725173,0.02686781609195399,0.028405172413793034
3721.709006928407,0.0237931034482759,0.02686781609195399
3726.2124711316396,0.022255747126436742,0.0237931034482759
3730.715935334873,0.020718390804597697,0.022255747126436742
3735.2193995381062,0.01918103448275854,0.020718390804597697
3739.7228637413396,0.017643678160919496,0.020718390804597697
3744.226327944573,0.017643678160919496,0.01918103448275854
3748.729792147806,0.017643678160919496,0.01918103448275854
3753.233256351039,0.01610632183908045,0.017643678160919496
3757.736720554273,0.014568965517241184,0.01610632183908045
3762.240184757506,0.014568965517241184,0.01610632183908045
3766.743648960739,0.01303160919540236,0.014568965517241184
3771.2471131639722,0.01303160919540236,0.014568965517241184
3775.7505773672056,0.01303160919540236,0.014568965517241184
3780.254041570439,0.01303160919540236,0.014568965517241184
3784.757505773672,0.01303160919540236,0.01610632183908045
3789.260969976905,0.01303160919540236,0.014568965517241184
3793.764434180139,0.011494252873563315,0.01303160919540236
3798.267898383372,0.011494252873563315,0.014568965517241184
3802.771362586605,0.011494252873563315,0.014568965517241184
3807.2748267898382,0.011494252873563315,0.01303160919540236
3811.7782909930716,0.011494252873563315,0.01303160919540236
3816.281755196305,0.011494252873563315,0.01303160919540236
3820.785219399538,0.011494252873563315,0.01303160919540236
3825.2886836027715,0.009956896551724048,0.01303160919540236
3829.7921478060043,0.009956896551724048,0.011494252873563315
3834.295612009238,0.009956896551724048,0.011494252873563315
3838.799076212471,0.009956896551724048,0.011494252873563315
3843.3025404157042,0.009956896551724048,0.011494252873563315
3847.8060046189375,0.009956896551724048,0.011494252873563315
3852.309468822171,0.011494252873563315,0.01303160919540236
3856.812933025404,0.011494252873563315,0.01303160919540236
3861.3163972286375,0.011494252873563315,0.01303160919540236
3865.8198614318703,0.011494252873563315,0.01303160919540236
3870.323325635104,0.011494252873563315,0.01303160919540236
3874.8267898383374,0.011494252873563315,0.01303160919540236
3879.3302540415702,0.009956896551724048,0.011494252873563315
3883.8337182448035,0.008419540229885003,0.011494252873563315
3888.3371824480373,0.008419540229885003,0.009956896551724048
3892.84064665127,0.008419540229885003,0.009956896551724048
3897.3441108545035,0.009956896551724048,0.011494252873563315
3901.847575057737,0.009956896551724048,0.011494252873563315
3906.35103926097,0.011494252873563315,0.01303160919540236
3910.8545034642034,0.01303160919540236,0.014568965517241184
3915.3579676674362,0.011494252873563315,0.01303160919540236
3919.8614318706695,0.011494252873563315,0.01303160919540236
3924.3648960739033,0.009956896551724048,0.011494252873563315
3928.868360277136,0.009956896551724048,0.011494252873563315
3933.3718244803695,0.009956896551724048,0.011494252873563315
3937.875288683603,0.009956896551724048,0.01303160919540236
3942.378752886836,0.009956896551724048,0.011494252873563315
3946.8822170900694,0.008419540229885003,0.009956896551724048
3951.3856812933027,0.008419540229885003,0.009956896551724048
3955.8891454965355,0.008419540229885003,0.009956896551724048
3960.392609699769,0.008419540229885003,0.009956896551724048
3964.8960739030026,0.009956896551724048,0.011494252873563315
3969.3995381062355,0.011494252873563315,0.01303160919540236
3973.903002309469,0.011494252873563315,0.01303160919540236
3978.406466512702,0.008419540229885003,0.011494252873563315
3982.9099307159354,0.008419540229885003,0.009956896551724048
3987.4133949191687,0.008419540229885003,0.009956896551724048
3991.9168591224015,0.008419540229885003,0.009956896551724048
3996.420323325635,0.008419540229885003,0.009956896551724048
4000.9237875288686,0.009956896551724048,0.011494252873563315
4005.4272517321015,0.008419540229885003,0.009956896551724048
4009.930715935335,0.008419540229885003,0.009956896551724048
4014.434180138568,0.008419540229885003,0.009956896551724048
4018.9376443418014,0.008419540229885003,0.009956896551724048
