380.1385681293302,-0.002341954022988535,-0.0008045977011494898
384.64203233256353,-0.002341954022988535,-0.0008045977011494898
389.1454965357968,-0.002341954022988535,-0.0008045977011494898
393.64896073903003,-0.002341954022988535,-0.0008045977011494898
398.1524249422633,-0.002341954022988535,-0.0008045977011494898
402.65588914549653,-0.002341954022988535,-0.0008045977011494898
407.1593533487298,-0.002341954022988535,-0.0008045977011494898
411.66281755196303,-0.002341954022988535,0.0007327586206895553
416.16628175519634,-0.0008045977011494898,0.0022701149425286005
420.66974595842953,0.0022701149425286005,0.006882183908045958
425.17321016166284,0.006882183908045958,0.0237931034482759
429.6766743648961,0.0237931034482759,0.18675287356321835
434.18013856812934,0.18675287356321835,0.3881465517241378
438.6836027713626,0.051465517241379266,0.33280172413793097
443.18706697459584,0.011494252873563315,0.051465517241379266
447.69053117782914,0.0038074712643678676,0.011494252873563315
452.19399538106234,0.0007327586206895553,0.0038074712643678676
456.69745958429564,-0.0008045977011494898,0.0007327586206895553
461.2009237875289,-0.0008045977011494898,0.008419540229885003
465.7043879907621,0.008419540229885003,0.025330459770114833
470.20785219399534,0.009956896551724048,0.02686781609195399
474.71131639722864,-0.0008045977011494898,0.009956896551724048
479.2147806004619,-0.0008045977011494898,0.0007327586206895553
483.71824480369514,0.0007327586206895553,0.005344827586206913
488.2217090069284,0.005344827586206913,0.017643678160919496
492.72517321016164,0.017643678160919496,0.04685344827586213
497.2286374133949,0.04685344827586213,0.08067528735632179
501.7321016166282,0.07606321839080454,0.08682471264367819
506.23556581986145,0.0683764367816091,0.07760057471264359
510.7390300230947,0.03301724137931028,0.0683764367816091
515.242494226328,0.03301724137931028,0.08221264367816095
519.7459584295611,0.08221264367816095,0.1344827586206896
524.2494226327944,0.10681034482758622,0.13602011494252864
528.7528868360278,0.04685344827586213,0.10681034482758622
533.2563510392611,0.01610632183908045,0.04685344827586213
537.7598152424941,0.005344827586206913,0.01610632183908045
542.2632794457274,0.005344827586206913,0.006882183908045958
546.7667436489608,0.006882183908045958,0.011494252873563315
551.2702078521941,0.011494252873563315,0.014568965517241184
555.7736720554273,0.014568965517241184,0.022255747126436742
560.2771362586604,0.022255747126436742,0.031479885057471235
564.7806004618938,0.031479885057471235,0.04377873563218393
569.2840646651271,0.04377873563218393,0.059152298850574714
573.7875288683603,0.059152298850574714,0.07760057471264359
578.2909930715936,0.07760057471264359,0.09758620689655173
582.7944572748268,0.09758620689655173,0.1129597701149424
587.2979214780601,0.1129597701149424,0.12372126436781605
591.8013856812934,0.12372126436781605,0.12679597701149425
596.3048498845266,0.1160344827586206,0.1252586206896552
600.8083140877598,0.10527298850574707,0.1160344827586206
605.3117782909931,0.1160344827586206,0.17752873563218385
609.8152424942264,0.08067528735632179,0.17137931034482756
614.3187066974596,0.045316091954022975,0.08067528735632179
618.8221709006928,0.03301724137931028,0.045316091954022975
623.3256351039261,0.022255747126436742,0.03301724137931028
627.8290993071594,0.01610632183908045,0.022255747126436742
632.3325635103927,0.011494252873563315,0.01610632183908045
636.8360277136259,0.011494252873563315,0.01303160919540236
641.3394919168591,0.011494252873563315,0.014568965517241184
645.8429561200924,0.01303160919540236,0.01610632183908045
650.3464203233257,0.014568965517241184,0.020718390804597697
654.8498845265589,0.020718390804597697,0.03762931034482753
659.3533487297922,0.03762931034482753,0.09297413793103437
663.8568129330254,0.09297413793103437,0.30974137931034473
668.3602771362587,0.30974137931034473,0.7325143678160919
672.863741339492,0.5880028735632183,0.7801724137931034
677.3672055427252,0.28206896551724125,0.5880028735632183
681.8706697459585,0.0745258620689655,0.28206896551724125
686.3741339491917,0.07606321839080454,0.10834770114942527
690.877598152425,0.10834770114942527,0.14524425287356324
695.3810623556583,0.14524425287356324,0.1882902298850575
699.8845265588914,0.1882902298850575,0.23441091954022986
704.3879907621247,0.23441091954022986,0.2743821839080459
708.891454965358,0.2743821839080459,0.3020545977011494
713.3949191685913,0.3020545977011494,0.3082040229885057
717.8983833718245,0.28514367816091946,0.30666666666666664
722.4018475750578,0.2482471264367816,0.28514367816091946
726.905311778291,0.20058908045977009,0.25900862068965524
731.4087759815242,0.15754310344827582,0.20058908045977009
735.9122401847575,0.13602011494252864,0.15754310344827582
740.4157043879907,0.14370689655172408,0.16061781609195402
744.919168591224,0.16061781609195402,0.18060344827586206
749.4226327944573,0.18060344827586206,0.29744252873563215
753.9260969976905,0.29744252873563215,0.6617959770114943
758.4295612009238,0.6617959770114943,0.7801724137931034
762.933025404157,0.372772988505747,0.7309770114942529
767.4364896073903,0.2682327586206896,0.372772988505747
771.9399538106235,0.2836063218390804,0.30359195402298844
776.4434180138568,0.30359195402298844,0.3205028735632184
780.9468822170901,0.3205028735632184,0.33587643678160917
785.4503464203233,0.33587643678160917,0.34817528735632175
789.9538106235566,0.34817528735632175,0.35432471264367815
794.4572748267898,0.35432471264367815,0.35739942528735635
798.9607390300231,0.35432471264367815,0.35739942528735635
803.4642032332564,0.3497126436781609,0.35432471264367815
807.9676674364896,0.3374137931034482,0.3497126436781609
812.4711316397229,0.3266522988505747,0.36047413793103444
816.9745958429561,0.36047413793103444,0.504985632183908
821.4780600461894,0.504985632183908,0.6095258620689654
825.9815242494227,0.6095258620689654,0.6295114942528734
830.4849884526559,0.5172844827586206,0.6156752873563218
834.9884526558892,0.45886494252873555,0.5172844827586206
839.4919168591224,0.4757758620689655,0.5080603448275862
843.9953810623557,0.5080603448275862,0.5265086206896552
848.4988452655889,0.5265086206896552,0.5295833333333333
853.0023094688222,0.5111350574712643,0.5265086206896552
857.5057736720555,0.5003735632183908,0.5111350574712643
862.0092378752887,0.5065229885057471,0.5080603448275862
866.512702078522,0.4942241379310345,0.5065229885057471
871.0161662817552,0.4880747126436782,0.5526436781609195
875.5196304849884,0.5526436781609195,0.6479597701149425
880.0230946882217,0.6479597701149425,0.7309770114942529
884.5265588914549,0.7309770114942529,0.7970833333333334
889.0300230946882,0.7970833333333334,0.8278304597701149
893.5334872979214,0.8186063218390804,0.8309051724137931
898.0369515011547,0.7740229885057471,0.8186063218390804
902.540415704388,0.6971551724137931,0.7740229885057471
907.0438799076212,0.6079885057471265,0.6971551724137931
911.5473441108545,0.5126724137931035,0.6079885057471265
916.0508083140877,0.4250431034482759,0.5126724137931035
920.554272517321,0.34202586206896557,0.4250431034482759
925.0577367205542,0.2728448275862069,0.34202586206896557
929.5612009237875,0.21288793103448278,0.2728448275862069
934.0646651270208,0.16830459770114936,0.21288793103448278
938.568129330254,0.1314080459770115,0.16830459770114936
943.0715935334873,0.11757183908045976,0.16676724137931032
947.5750577367205,0.16676724137931032,0.2666954022988506
952.0785219399538,0.18675287356321835,0.2666954022988506
956.5819861431871,0.13909482758620684,0.18675287356321835
961.0854503464203,0.09604885057471257,0.16676724137931032
965.5889145496536,0.04377873563218393,0.09604885057471257
970.0923787528868,0.03762931034482753,0.04377873563218393
974.5958429561201,0.03301724137931028,0.03762931034482753
979.0993071593533,0.028405172413793034,0.03301724137931028
983.6027713625866,0.028405172413793034,0.19751436781609188
988.1062355658199,0.0237931034482759,0.20673850574712638
992.6096997690531,0.022255747126436742,0.0237931034482759
997.1131639722864,0.020718390804597697,0.022255747126436742
1001.6166281755196,0.017643678160919496,0.01918103448275854
1006.1200923787529,0.01610632183908045,0.017643678160919496
1010.6235565819862,0.014568965517241184,0.01610632183908045
1015.1270207852194,0.01303160919540236,0.014568965517241184
1019.6304849884527,0.011494252873563315,0.014568965517241184
1024.133949191686,0.011494252873563315,0.01303160919540236
1028.6374133949191,0.009956896551724048,0.011494252873563315
1033.1408775981524,0.009956896551724048,0.011494252873563315
1037.6443418013855,0.008419540229885003,0.009956896551724048
1042.1478060046188,0.006882183908045958,0.009956896551724048
1046.6512702078521,0.009956896551724048,0.022255747126436742
1051.1547344110854,0.022255747126436742,0.08836206896551724
1055.6581986143187,0.08836206896551724,0.2866810344827586
1060.161662817552,0.2866810344827586,0.3681609195402298
1064.6651270207853,0.10219827586206898,0.3112787356321839
1069.1685912240184,0.025330459770114833,0.10219827586206898
1073.6720554272517,0.009956896551724048,0.025330459770114833
1078.1755196304848,0.009956896551724048,0.01303160919540236
1082.6789838337181,0.01303160919540236,0.01610632183908045
1087.1824480369514,0.01610632183908045,0.020718390804597697
1091.6859122401847,0.020718390804597697,0.02686781609195399
1096.189376443418,0.02686781609195399,0.03762931034482753
1100.6928406466513,0.03762931034482753,0.05607758620689651
1105.1963048498847,0.05607758620689651,0.09297413793103437
1109.6997690531177,0.09297413793103437,0.15754310344827582
1114.203233256351,0.15754310344827582,0.2574712643678161
1118.7066974595843,0.2574712643678161,0.3942959770114942
1123.2101616628174,0.3942959770114942,0.523433908045977
1127.7136258660507,0.523433908045977,0.5787787356321838
1132.217090069284,0.5326580459770115,0.5772413793103448
1136.7205542725173,0.5572557471264368,0.6694827586206897
1141.2240184757507,0.5341954022988505,0.6664080459770114
1145.727482678984,0.28821839080459766,0.5341954022988505
1150.2309468822173,0.14216954022988504,0.28821839080459766
1154.7344110854503,0.11449712643678156,0.20212643678160913
1159.2378752886837,0.20212643678160913,0.47116379310344825
1163.741339491917,0.47116379310344825,0.866264367816092
1168.24480369515,0.866264367816092,0.9708045977011495
1172.7482678983833,0.5434195402298851,0.9200718390804598
1177.2517321016167,0.239022988505747,0.5434195402298851
1181.75519630485,0.09912356321839078,0.239022988505747
1186.258660508083,0.05300287356321831,0.09912356321839078
1190.7621247113166,0.03301724137931028,0.05300287356321831
1195.2655889145497,0.0237931034482759,0.03301724137931028
1199.7690531177827,0.01610632183908045,0.0237931034482759
1204.272517321016,0.01610632183908045,0.01918103448275854
1208.7759815242493,0.01918103448275854,0.0237931034482759
1213.2794457274827,0.0237931034482759,0.031479885057471235
1217.782909930716,0.031479885057471235,0.04224137931034477
1222.2863741339493,0.04224137931034477,0.062227011494252915
1226.7898383371826,0.062227011494252915,0.10219827586206898
1231.2933025404157,0.10219827586206898,0.1913649425287356
1235.796766743649,0.1913649425287356,0.371235632183908
1240.3002309468823,0.371235632183908,0.6341235632183908
1244.8036951501156,0.6341235632183908,0.9000862068965517
1249.3071593533487,0.9000862068965517,0.9508189655172414
1253.810623556582,0.6787068965517241,0.9185344827586207
1258.3140877598153,0.39583333333333326,0.6787068965517241
1262.8175519630483,0.20981321839080458,0.39583333333333326
1267.3210161662819,0.10834770114942527,0.20981321839080458
1271.824480369515,0.065301724137931,0.10834770114942527
1276.3279445727483,0.04685344827586213,0.065301724137931
1280.8314087759813,0.04685344827586213,0.11142241379310336
1285.3348729792149,0.11142241379310336,0.26977011494252867
1289.838337182448,0.26977011494252867,0.47731321839080454
1294.3418013856813,0.47731321839080454,0.5295833333333333
1298.8452655889146,0.28821839080459766,0.4911494252873563
1303.3487297921479,0.12064655172413785,0.28821839080459766
1307.852193995381,0.051465517241379266,0.12064655172413785
1312.3556581986143,0.025330459770114833,0.051465517241379266
1316.8591224018476,0.020718390804597697,0.025330459770114833
1321.3625866050809,0.0237931034482759,0.028405172413793034
1325.866050808314,0.028405172413793034,0.034554597701149325
1330.3695150115475,0.034554597701149325,0.045316091954022975
1334.8729792147806,0.045316091954022975,0.059152298850574714
1339.3764434180139,0.059152298850574714,0.07913793103448274
1343.879907621247,0.07913793103448274,0.10527298850574707
1348.3833718244805,0.10527298850574707,0.14216954022988504
1352.8868360277136,0.14216954022988504,0.1852155172413793
1357.3903002309469,0.1852155172413793,0.24056034482758615
1361.8937644341802,0.24056034482758615,0.2989798850574713
1366.3972286374135,0.2989798850574713,0.3650862068965518
1370.9006928406466,0.3650862068965518,0.4188936781609195
1375.40415704388,0.4188936781609195,0.4573275862068965
1379.9076212471132,0.4573275862068965,0.46808908045977016
1384.4110854503465,0.4450287356321839,0.466551724137931
1388.9145496535796,0.39890804597701146,0.4450287356321839
1393.418013856813,0.3404885057471264,0.39890804597701146
1397.9214780600462,0.2759195402298851,0.3404885057471264
1402.4249422632795,0.21903735632183896,0.2759195402298851
1406.9284064665128,0.16676724137931032,0.21903735632183896
1411.4318706697459,0.12679597701149425,0.16676724137931032
1415.9353348729792,0.09297413793103437,0.12679597701149425
1420.4387990762123,0.0714511494252873,0.09297413793103437
1424.9422632794458,0.059152298850574714,0.0714511494252873
1429.4457274826789,0.0683764367816091,0.09758620689655173
1433.9491916859122,0.09758620689655173,0.15446839080459762
1438.4526558891455,0.15446839080459762,0.2482471264367816
1442.9561200923788,0.2482471264367816,0.39890804597701146
1447.4595842956119,0.39890804597701146,0.5926149425287357
1451.9630484988454,0.5926149425287357,0.809382183908046
1456.4665127020785,0.809382183908046,0.9477442528735632
1460.9699769053118,0.9200718390804598,0.961580459770115
1465.4734411085449,0.7494252873563219,0.9200718390804598
1469.9769053117784,0.5311206896551723,0.7494252873563219
1474.4803695150115,0.34817528735632175,0.5311206896551723
1478.9838337182448,0.21442528735632183,0.34817528735632175
1483.487297921478,0.15139367816091953,0.21442528735632183
1487.9907621247114,0.16522988505747127,0.2636206896551724
1492.4942263279445,0.2636206896551724,0.3681609195402298
1496.9976905311778,0.3681609195402298,0.4342672413793103
1501.501154734411,0.4096695402298851,0.4373419540229885
1506.0046189376444,0.3143534482758621,0.4096695402298851
1510.5080831408775,0.21750000000000003,0.3143534482758621
1515.011547344111,0.1944396551724138,0.21750000000000003
1519.515011547344,0.14678160919540229,0.1944396551724138
1524.0184757505774,0.09297413793103437,0.14678160919540229
1528.5219399538107,0.065301724137931,0.09297413793103437
1533.025404157044,0.06683908045977016,0.08374999999999999
1537.528868360277,0.08374999999999999,0.10681034482758622
1542.0323325635104,0.10681034482758622,0.13909482758620684
1546.5357967667437,0.13909482758620684,0.1852155172413793
1551.0392609699768,0.1852155172413793,0.2451724137931034
1555.54272517321,0.2451724137931034,0.3251149425287355
1560.0461893764434,0.3251149425287355,0.4219683908045977
1564.5496535796767,0.4219683908045977,0.5388074712643678
1569.0531177829098,0.5388074712643678,0.6602586206896552
1573.556581986143,0.6602586206896552,0.7832471264367816
1578.0600461893764,0.7832471264367816,0.8770258620689655
1582.5635103926097,0.8770258620689655,0.9277586206896552
1587.0669745958428,0.9139224137931035,0.9308333333333334
1591.5704387990763,0.8432040229885057,0.9139224137931035
1596.0739030023094,0.8232183908045977,0.9169971264367817
1600.5773672055427,0.8816379310344827,0.9308333333333334
1605.080831408776,0.6940804597701149,0.8816379310344827
1609.5842956120093,0.466551724137931,0.6940804597701149
1614.0877598152424,0.2928304597701149,0.466551724137931
1618.5912240184757,0.21903735632183896,0.2928304597701149
1623.094688221709,0.16522988505747127,0.21903735632183896
1627.5981524249423,0.12372126436781605,0.16522988505747127
1632.1016166281754,0.09604885057471257,0.12372126436781605
1636.605080831409,0.07606321839080454,0.09604885057471257
1641.108545034642,0.062227011494252915,0.07606321839080454
1645.6120092378753,0.051465517241379266,0.062227011494252915
1650.1154734411084,0.04377873563218393,0.051465517241379266
1654.618937644342,0.03762931034482753,0.04377873563218393
1659.122401847575,0.03301724137931028,0.03762931034482753
1663.6258660508083,0.02994252873563208,0.03301724137931028
1668.1293302540416,0.02686781609195399,0.02994252873563208
1672.632794457275,0.0237931034482759,0.02686781609195399
1677.136258660508,0.020718390804597697,0.0237931034482759
1681.6397228637413,0.01918103448275854,0.020718390804597697
1686.1431870669746,0.01610632183908045,0.01918103448275854
1690.646651270208,0.014568965517241184,0.017643678160919496
1695.150115473441,0.01303160919540236,0.01610632183908045
1699.6535796766743,0.011494252873563315,0.014568965517241184
1704.1570438799076,0.011494252873563315,0.01303160919540236
1708.6605080831407,0.009956896551724048,0.011494252873563315
1713.1639722863742,0.008419540229885003,0.009956896551724048
1717.6674364896073,0.008419540229885003,0.009956896551724048
1722.1709006928406,0.006882183908045958,0.008419540229885003
1726.6743648960737,0.006882183908045958,0.008419540229885003
1731.1778290993072,0.005344827586206913,0.008419540229885003
1735.6812933025403,0.005344827586206913,0.006882183908045958
1740.1847575057736,0.0038074712643678676,0.006882183908045958
1744.688221709007,0.0038074712643678676,0.005344827586206913
1749.1916859122402,0.0038074712643678676,0.005344827586206913
1753.6951501154733,0.0038074712643678676,0.005344827586206913
1758.1986143187066,0.0038074712643678676,0.005344827586206913
1762.70207852194,0.0022701149425286005,0.0038074712643678676
1767.2055427251732,0.0022701149425286005,0.0038074712643678676
1771.7090069284063,0.0022701149425286005,0.0038074712643678676
1776.2124711316399,0.0007327586206895553,0.0022701149425286005
1780.715935334873,0.0007327586206895553,0.0022701149425286005
1785.2193995381062,0.0007327586206895553,0.0022701149425286005
1789.7228637413396,0.0007327586206895553,0.0022701149425286005
1794.2263279445729,0.0007327586206895553,0.0022701149425286005
1798.729792147806,0.0007327586206895553,0.0022701149425286005
1803.2332563510392,0.0007327586206895553,0.0022701149425286005
1807.7367205542726,0.0007327586206895553,0.0022701149425286005
1812.2401847575059,0.0007327586206895553,0.0022701149425286005
1816.743648960739,0.0007327586206895553,0.0022701149425286005
1821.2471131639725,0.0007327586206895553,0.0022701149425286005
1825.7505773672056,0.0007327586206895553,0.0022701149425286005
1830.2540415704389,0.0007327586206895553,0.0022701149425286005
1834.757505773672,0.0007327586206895553,0.0022701149425286005
1839.2609699769055,0.0007327586206895553,0.0022701149425286005
1843.7644341801386,0.0007327586206895553,0.0022701149425286005
1848.2678983833719,0.0007327586206895553,0.0022701149425286005
1852.7713625866052,0.0007327586206895553,0.0022701149425286005
1857.2748267898382,0.0007327586206895553,0.0022701149425286005
1861.7782909930716,0.0007327586206895553,0.0022701149425286005
1866.2817551963049,0.0007327586206895553,0.0022701149425286005
1870.7852193995382,0.0007327586206895553,0.0022701149425286005
1875.2886836027712,0.0007327586206895553,0.0022701149425286005
1879.7921478060046,0.0007327586206895553,0.0022701149425286005
1884.2956120092379,0.0022701149425286005,0.0038074712643678676
1888.7990762124712,0.0022701149425286005,0.0038074712643678676
1893.3025404157042,0.0022701149425286005,0.0038074712643678676
1897.8060046189378,0.0022701149425286005,0.0038074712643678676
1902.3094688221709,0.0022701149425286005,0.0038074712643678676
1906.8129330254042,0.0022701149425286005,0.0038074712643678676
1911.3163972286372,0.0022701149425286005,0.0038074712643678676
1915.8198614318708,0.0038074712643678676,0.017643678160919496
1920.3233256351039,0.017643678160919496,0.034554597701149325
1924.8267898383372,0.02686781609195399,0.03609195402298848
1929.3302540415705,0.009956896551724048,0.02686781609195399
1933.8337182448038,0.0038074712643678676,0.009956896551724048
1938.3371824480369,0.0038074712643678676,0.005344827586206913
1942.8406466512704,0.0038074712643678676,0.005344827586206913
1947.3441108545035,0.0038074712643678676,0.005344827586206913
1951.8475750577368,0.0038074712643678676,0.005344827586206913
1956.3510392609699,0.0038074712643678676,0.005344827586206913
1960.8545034642034,0.0038074712643678676,0.005344827586206913
1965.3579676674365,0.0038074712643678676,0.005344827586206913
1969.8614318706698,0.0038074712643678676,0.005344827586206913
1974.364896073903,0.0038074712643678676,0.005344827586206913
1978.8683602771364,0.0038074712643678676,0.005344827586206913
1983.3718244803695,0.0038074712643678676,0.005344827586206913
1987.8752886836028,0.0038074712643678676,0.005344827586206913
1992.378752886836,0.0038074712643678676,0.005344827586206913
1996.8822170900694,0.0038074712643678676,0.006882183908045958
2001.3856812933025,0.005344827586206913,0.006882183908045958
2005.8891454965358,0.005344827586206913,0.006882183908045958
2010.392609699769,0.005344827586206913,0.006882183908045958
2014.8960739030022,0.005344827586206913,0.006882183908045958
2019.3995381062355,0.005344827586206913,0.006882183908045958
2023.9030023094688,0.005344827586206913,0.008419540229885003
2028.406466512702,0.006882183908045958,0.008419540229885003
2032.9099307159352,0.006882183908045958,0.008419540229885003
2037.4133949191687,0.006882183908045958,0.008419540229885003
2041.9168591224018,0.006882183908045958,0.008419540229885003
2046.420323325635,0.006882183908045958,0.008419540229885003
2050.923787528868,0.006882183908045958,0.008419540229885003
2055.4272517321015,0.006882183908045958,0.008419540229885003
2059.930715935335,0.006882183908045958,0.008419540229885003
2064.434180138568,0.006882183908045958,0.008419540229885003
2068.9376443418014,0.008419540229885003,0.009956896551724048
2073.4411085450347,0.008419540229885003,0.009956896551724048
2077.944572748268,0.008419540229885003,0.009956896551724048
2082.4480369515013,0.008419540229885003,0.009956896551724048
2086.9515011547346,0.008419540229885003,0.011494252873563315
2091.454965357968,0.009956896551724048,0.011494252873563315
2095.958429561201,0.008419540229885003,0.011494252873563315
2100.4618937644345,0.009956896551724048,0.011494252873563315
2104.9653579676674,0.009956896551724048,0.011494252873563315
2109.4688221709007,0.009956896551724048,0.011494252873563315
2113.972286374134,0.011494252873563315,0.01303160919540236
2118.4757505773673,0.011494252873563315,0.01303160919540236
2122.9792147806,0.011494252873563315,0.01303160919540236
2127.482678983834,0.011494252873563315,0.01303160919540236
2131.986143187067,0.011494252873563315,0.01303160919540236
2136.4896073903,0.01303160919540236,0.014568965517241184
2140.9930715935334,0.01303160919540236,0.014568965517241184
2145.4965357967667,0.01303160919540236,0.01610632183908045
2150.0,0.014568965517241184,0.01610632183908045
2154.5034642032333,0.014568965517241184,0.01610632183908045
2159.0069284064666,0.014568965517241184,0.01610632183908045
2163.5103926097,0.01610632183908045,0.017643678160919496
2168.013856812933,0.01610632183908045,0.017643678160919496
2172.517321016166,0.017643678160919496,0.01918103448275854
2177.0207852194,0.017643678160919496,0.01918103448275854
2181.524249422633,0.017643678160919496,0.020718390804597697
2186.027713625866,0.01918103448275854,0.020718390804597697
2190.5311778290993,0.020718390804597697,0.022255747126436742
2195.034642032332,0.020718390804597697,0.022255747126436742
2199.5381062355655,0.022255747126436742,0.0237931034482759
2204.041570438799,0.022255747126436742,0.025330459770114833
2208.545034642032,0.0237931034482759,0.025330459770114833
2213.0484988452654,0.025330459770114833,0.02686781609195399
2217.5519630484987,0.02686781609195399,0.028405172413793034
2222.055427251732,0.02686781609195399,0.028405172413793034
2226.5588914549653,0.028405172413793034,0.02994252873563208
2231.0623556581986,0.02994252873563208,0.031479885057471235
2235.565819861432,0.031479885057471235,0.03301724137931028
2240.069284064665,0.03301724137931028,0.034554597701149325
2244.5727482678985,0.034554597701149325,0.03609195402298848
2249.0762124711314,0.03609195402298848,0.03762931034482753
2253.579676674365,0.03762931034482753,0.04070402298850573
2258.0831408775985,0.03916666666666668,0.04224137931034477
2262.5866050808313,0.04224137931034477,0.04377873563218393
2267.0900692840646,0.04377873563218393,0.04685344827586213
2271.593533487298,0.04685344827586213,0.048390804597701065
2276.096997690531,0.048390804597701065,0.051465517241379266
2280.6004618937645,0.051465517241379266,0.05454022988505747
2285.1039260969974,0.05454022988505747,0.05761494252873556
2289.607390300231,0.05761494252873556,0.06068965517241376
2294.1108545034645,0.06068965517241376,0.06376436781609196
2298.6143187066973,0.062227011494252915,0.06683908045977016
2303.1177829099306,0.065301724137931,0.06991379310344814
2307.621247113164,0.06991379310344814,0.07298850574712634
2312.124711316397,0.07298850574712634,0.07760057471264359
2316.6281755196305,0.07760057471264359,0.08067528735632179
2321.131639722864,0.08067528735632179,0.08528735632183904
2325.6351039260967,0.08528735632183904,0.08989942528735628
2330.1385681293305,0.08989942528735628,0.09451149425287353
2334.6420323325638,0.09451149425287353,0.09912356321839078
2339.1454965357966,0.09912356321839078,0.10373563218390802
2343.64896073903,0.10373563218390802,0.10834770114942527
2348.152424942263,0.10834770114942527,0.11449712643678156
2352.6558891454965,0.11449712643678156,0.1191091954022988
2357.15935334873,0.1191091954022988,0.1252586206896552
2361.6628175519627,0.1252586206896552,0.12987068965517246
2366.1662817551965,0.12987068965517246,0.13602011494252864
2370.6697459584298,0.13602011494252864,0.14216954022988504
2375.1732101616626,0.14216954022988504,0.14831896551724133
2379.676674364896,0.14831896551724133,0.15600574712643667
2384.1801385681297,0.15600574712643667,0.16215517241379307
2388.6836027713625,0.16215517241379307,0.16830459770114936
2393.187066974596,0.16830459770114936,0.17445402298850576
2397.690531177829,0.17445402298850576,0.1821408045977011
2402.1939953810625,0.1821408045977011,0.18982758620689655
2406.6974595842958,0.18982758620689655,0.19597701149425295
2411.200923787529,0.19597701149425295,0.20366379310344818
2415.704387990762,0.20366379310344818,0.20981321839080458
2420.2078521939957,0.20981321839080458,0.21750000000000003
2424.7113163972285,0.21750000000000003,0.22364942528735632
2429.214780600462,0.22364942528735632,0.23133620689655177
2433.718244803695,0.23133620689655177,0.23748563218390806
2438.2217090069284,0.23748563218390806,0.2451724137931034
2442.7251732101618,0.2451724137931034,0.2513218390804598
2447.228637413395,0.2513218390804598,0.2574712643678161
2451.732101616628,0.2574712643678161,0.2636206896551724
2456.235565819861,0.2636206896551724,0.26977011494252867
2460.739030023095,0.26977011494252867,0.2743821839080459
2465.242494226328,0.2743821839080459,0.2805316091954023
2469.745958429561,0.2805316091954023,0.2866810344827586
2474.2494226327944,0.2866810344827586,0.29129310344827586
2478.7528868360278,0.29129310344827586,0.29436781609195406
2483.256351039261,0.29436781609195406,0.29744252873563215
2487.759815242494,0.29744252873563215,0.30051724137931035
2492.263279445727,0.30051724137931035,0.30359195402298844
2496.766743648961,0.30359195402298844,0.3051293103448275
2501.270207852194,0.3051293103448275,0.30666666666666664
2505.773672055427,0.30666666666666664,0.3082040229885057
2510.2771362586604,0.30666666666666664,0.3082040229885057
2514.7806004618938,0.30666666666666664,0.3082040229885057
2519.284064665127,0.3051293103448275,0.30666666666666664
2523.7875288683604,0.30359195402298844,0.30666666666666664
2528.290993071593,0.30051724137931035,0.30359195402298844
2532.794457274827,0.2989798850574713,0.3020545977011494
2537.2979214780603,0.2989798850574713,0.3112787356321839
2541.801385681293,0.3112787356321839,0.32204022988505754
2546.3048498845264,0.32204022988505754,0.33280172413793097
2550.80831408776,0.33280172413793097,0.34510057471264366
2555.311778290993,0.34510057471264366,0.3558620689655172
2559.8152424942264,0.3558620689655172,0.3650862068965518
2564.318706697459,0.3650862068965518,0.37584770114942523
2568.822170900693,0.37584770114942523,0.38507183908045983
2573.3256351039263,0.38507183908045983,0.39275862068965517
2577.829099307159,0.39275862068965517,0.40198275862068966
2582.3325635103924,0.40198275862068966,0.40813218390804595
2586.836027713626,0.40813218390804595,0.41428160919540225
2591.339491916859,0.41428160919540225,0.4188936781609195
2595.8429561200924,0.4188936781609195,0.42350574712643674
2600.3464203233257,0.42350574712643674,0.4250431034482759
2604.849884526559,0.4250431034482759,0.4281178160919541
2609.3533487297923,0.42658045977011494,0.4281178160919541
2613.8568129330256,0.42658045977011494,0.4281178160919541
2618.3602771362584,0.4250431034482759,0.4281178160919541
2622.8637413394918,0.4219683908045977,0.4250431034482759
2627.3672055427255,0.4188936781609195,0.4219683908045977
2631.8706697459584,0.4127442528735632,0.4188936781609195
2636.3741339491917,0.4065948275862069,0.4127442528735632
2640.8775981524245,0.39890804597701146,0.4065948275862069
2645.3810623556583,0.391221264367816,0.39890804597701146
2649.8845265588916,0.3835344827586207,0.391221264367816
2654.3879907621244,0.372772988505747,0.3835344827586207
2658.8914549653578,0.36354885057471265,0.372772988505747
2663.3949191685915,0.352787356321839,0.36354885057471265
2667.8983833718244,0.34202586206896557,0.352787356321839
2672.4018475750577,0.3312643678160919,0.34202586206896557
2676.905311778291,0.3251149425287355,0.3312643678160919
2681.4087759815243,0.3312643678160919,0.34510057471264366
2685.9122401847576,0.34510057471264366,0.35739942528735635
2690.415704387991,0.35739942528735635,0.3681609195402298
2694.9191685912238,0.3681609195402298,0.3773850574712644
2699.4226327944575,0.3773850574712644,0.38507183908045983
2703.926096997691,0.38507183908045983,0.391221264367816
2708.4295612009237,0.391221264367816,0.39583333333333326
2712.933025404157,0.39583333333333326,0.3973706896551724
2717.4364896073903,0.39583333333333326,0.3973706896551724
2721.9399538106236,0.39583333333333326,0.3973706896551724
2726.443418013857,0.391221264367816,0.39583333333333326
2730.9468822170898,0.38507183908045983,0.391221264367816
2735.4503464203235,0.3773850574712644,0.38507183908045983
2739.953810623557,0.36662356321839085,0.3773850574712644
2744.4572748267897,0.3558620689655172,0.36662356321839085
2748.960739030023,0.34510057471264366,0.3558620689655172
2753.4642032332563,0.3312643678160919,0.34510057471264366
2757.9676674364896,0.31896551724137934,0.3312643678160919
2762.471131639723,0.30359195402298844,0.31896551724137934
2766.974595842956,0.2897557471264367,0.30359195402298844
2771.478060046189,0.2743821839080459,0.2897557471264367
2775.981524249423,0.25900862068965524,0.2743821839080459
2780.484988452656,0.2451724137931034,0.25900862068965524
2784.988452655889,0.2328735632183908,0.2451724137931034
2789.4919168591223,0.2328735632183908,0.2451724137931034
2793.9953810623556,0.2451724137931034,0.25593390804597704
2798.498845265589,0.25593390804597704,0.2666954022988506
2803.002309468822,0.2666954022988506,0.2789942528735633
2807.505773672055,0.2789942528735633,0.2897557471264367
2812.009237875289,0.2897557471264367,0.2989798850574713
2816.512702078522,0.2989798850574713,0.3082040229885057
2821.016166281755,0.3082040229885057,0.31589080459770114
2825.5196304849883,0.31589080459770114,0.3235775862068966
2830.023094688222,0.3235775862068966,0.3297270114942529
2834.526558891455,0.3297270114942529,0.33280172413793097
2839.030023094688,0.33280172413793097,0.33587643678160917
2843.5334872979215,0.33587643678160917,0.3374137931034482
2848.036951501155,0.33587643678160917,0.3374137931034482
2852.540415704388,0.3343390804597701,0.3374137931034482
2857.0438799076214,0.3312643678160919,0.33587643678160917
2861.5473441108543,0.3266522988505747,0.3312643678160919
2866.050808314088,0.3205028735632184,0.3266522988505747
2870.554272517321,0.31281609195402293,0.3205028735632184
2875.057736720554,0.3051293103448275,0.31281609195402293
2879.5612009237875,0.29744252873563215,0.3051293103448275
2884.064665127021,0.2959051724137931,0.29744252873563215
2888.568129330254,0.2959051724137931,0.29744252873563215
2893.0715935334874,0.29436781609195406,0.2959051724137931
2897.5750577367203,0.29436781609195406,0.30359195402298844
2902.0785219399536,0.30359195402298844,0.31281609195402293
2906.5819861431874,0.31281609195402293,0.32204022988505754
2911.08545034642,0.32204022988505754,0.3312643678160919
2915.5889145496535,0.3312643678160919,0.33895114942528737
2920.092378752887,0.33895114942528737,0.3466379310344827
2924.59584295612,0.3466379310344827,0.352787356321839
2929.0993071593534,0.352787356321839,0.36047413793103444
2933.6027713625867,0.36047413793103444,0.3650862068965518
2938.1062355658196,0.3650862068965518,0.36969827586206894
2942.6096997690533,0.36969827586206894,0.372772988505747
2947.113163972286,0.372772988505747,0.37584770114942523
2951.6166281755195,0.37584770114942523,0.3773850574712644
2956.120092378753,0.37584770114942523,0.3773850574712644
2960.623556581986,0.37584770114942523,0.3773850574712644
2965.1270207852194,0.37584770114942523,0.3773850574712644
2969.6304849884527,0.372772988505747,0.37584770114942523
2974.1339491916856,0.36969827586206894,0.372772988505747
2978.6374133949193,0.3650862068965518,0.36969827586206894
2983.1408775981527,0.3589367816091954,0.3650862068965518
2987.6443418013855,0.352787356321839,0.3589367816091954
2992.147806004619,0.34510057471264366,0.352787356321839
2996.6512702078526,0.33895114942528737,0.34510057471264366
3001.1547344110854,0.3297270114942529,0.33895114942528737
3005.6581986143187,0.3205028735632184,0.3297270114942529
3010.161662817552,0.3143534482758621,0.3205028735632184
3014.6651270207853,0.3205028735632184,0.3404885057471264
3019.1685912240187,0.3404885057471264,0.35739942528735635
3023.6720554272515,0.35739942528735635,0.372772988505747
3028.175519630485,0.372772988505747,0.38199712643678163
3032.6789838337186,0.38199712643678163,0.3866091954022989
3037.1824480369514,0.3866091954022989,0.3881465517241378
3041.6859122401847,0.38199712643678163,0.3866091954022989
3046.189376443418,0.371235632183908,0.38199712643678163
3050.6928406466513,0.35739942528735635,0.371235632183908
3055.1963048498847,0.35432471264367815,0.35739942528735635
3059.699769053118,0.34817528735632175,0.35432471264367815
3064.203233256351,0.33587643678160917,0.34817528735632175
3068.706697459584,0.3205028735632184,0.33587643678160917
3073.210161662818,0.30359195402298844,0.3205028735632184
3077.7136258660507,0.2836063218390804,0.30359195402298844
3082.217090069284,0.2636206896551724,0.2836063218390804
3086.7205542725173,0.2420977011494252,0.2636206896551724
3091.2240184757507,0.2297988505747126,0.2420977011494252
3095.727482678984,0.23133620689655177,0.2328735632183908
3100.230946882217,0.2328735632183908,0.23441091954022986
3104.73441108545,0.2328735632183908,0.23441091954022986
3109.237875288684,0.23441091954022986,0.235948275862069
3113.7413394919167,0.23441091954022986,0.235948275862069
3118.24480369515,0.23441091954022986,0.23748563218390806
3122.7482678983833,0.235948275862069,0.23748563218390806
3127.2517321016167,0.235948275862069,0.23748563218390806
3131.75519630485,0.235948275862069,0.23748563218390806
3136.2586605080833,0.235948275862069,0.24056034482758615
3140.762124711316,0.24056034482758615,0.24363505747126435
3145.26558891455,0.24363505747126435,0.2482471264367816
3149.769053117783,0.2482471264367816,0.2513218390804598
3154.272517321016,0.2513218390804598,0.2543965517241379
3158.7759815242493,0.2543965517241379,0.2574712643678161
3163.2794457274827,0.2574712643678161,0.2605459770114942
3167.782909930716,0.25900862068965524,0.2620833333333332
3172.2863741339493,0.2620833333333332,0.2636206896551724
3176.789838337182,0.2636206896551724,0.2651580459770114
3181.293302540416,0.2651580459770114,0.2666954022988506
3185.796766743649,0.2651580459770114,0.2682327586206896
3190.300230946882,0.2666954022988506,0.2682327586206896
3194.8036951501153,0.2666954022988506,0.2682327586206896
3199.3071593533487,0.2666954022988506,0.2682327586206896
3203.810623556582,0.2651580459770114,0.2666954022988506
3208.3140877598153,0.2636206896551724,0.2651580459770114
3212.8175519630486,0.2620833333333332,0.2636206896551724
3217.3210161662814,0.2605459770114942,0.2620833333333332
3221.824480369515,0.2574712643678161,0.2605459770114942
3226.3279445727485,0.25593390804597704,0.2574712643678161
3230.8314087759813,0.2513218390804598,0.25593390804597704
3235.3348729792147,0.2482471264367816,0.2513218390804598
3239.838337182448,0.2451724137931034,0.2482471264367816
3244.3418013856813,0.24056034482758615,0.2451724137931034
3248.8452655889146,0.23748563218390806,0.24056034482758615
3253.3487297921474,0.2328735632183908,0.23748563218390806
3257.852193995381,0.22826149425287356,0.2328735632183908
3262.3556581986145,0.22364942528735632,0.22826149425287356
3266.8591224018473,0.21903735632183896,0.22364942528735632
3271.3625866050807,0.21596264367816098,0.2513218390804598
3275.8660508083144,0.2513218390804598,0.30974137931034473
3280.3695150115473,0.30974137931034473,0.372772988505747
3284.8729792147806,0.372772988505747,0.44349137931034477
3289.376443418014,0.44349137931034477,0.5126724137931035
3293.879907621247,0.5126724137931035,0.5787787356321838
3298.3833718244805,0.5787787356321838,0.6310488505747126
3302.886836027714,0.6310488505747126,0.6617959770114943
3307.3903002309467,0.6617959770114943,0.6694827586206897
3311.8937644341804,0.6433477011494253,0.6664080459770114
3316.3972286374133,0.5972270114942528,0.6433477011494253
3320.9006928406466,0.5341954022988505,0.5972270114942528
3325.40415704388,0.466551724137931,0.5341954022988505
3329.907621247113,0.3942959770114942,0.466551724137931
3334.4110854503465,0.3297270114942529,0.3942959770114942
3338.91454965358,0.2682327586206896,0.3297270114942529
3343.4180138568126,0.21750000000000003,0.2682327586206896
3347.9214780600464,0.17445402298850576,0.21750000000000003
3352.4249422632797,0.14063218390804588,0.17445402298850576
3356.9284064665126,0.14063218390804588,0.2574712643678161
3361.431870669746,0.2574712643678161,0.4880747126436782
3365.935334872979,0.4880747126436782,0.7832471264367816
3370.4387990762125,0.7832471264367816,0.9938649425287357
3374.942263279446,0.88625,1.000014367816092
3379.445727482679,0.5849281609195403,0.88625
3383.949191685912,0.3281896551724137,0.5849281609195403
3388.4526558891457,0.16676724137931032,0.3281896551724137
3392.9561200923786,0.09451149425287353,0.16676724137931032
3397.459584295612,0.09297413793103437,0.09451149425287353
3401.963048498845,0.08989942528735628,0.09297413793103437
3406.4665127020785,0.08682471264367819,0.08989942528735628
3410.969976905312,0.08528735632183904,0.08836206896551724
3415.473441108545,0.08374999999999999,0.08682471264367819
3419.976905311778,0.08528735632183904,0.08682471264367819
3424.4803695150117,0.08528735632183904,0.08682471264367819
3428.983833718245,0.08528735632183904,0.08682471264367819
3433.487297921478,0.08528735632183904,0.08682471264367819
3437.990762124711,0.08528735632183904,0.08682471264367819
3442.494226327945,0.08528735632183904,0.08682471264367819
3446.997690531178,0.08528735632183904,0.08682471264367819
3451.501154734411,0.08374999999999999,0.08528735632183904
3456.0046189376444,0.08374999999999999,0.08528735632183904
3460.5080831408777,0.08374999999999999,0.08528735632183904
3465.011547344111,0.08221264367816095,0.08528735632183904
3469.515011547344,0.08221264367816095,0.08374999999999999
3474.018475750577,0.08067528735632179,0.08374999999999999
3478.521939953811,0.08067528735632179,0.08221264367816095
3483.025404157044,0.07913793103448274,0.08067528735632179
3487.528868360277,0.07913793103448274,0.08067528735632179
3492.0323325635104,0.07760057471264359,0.07913793103448274
3496.5357967667437,0.07606321839080454,0.07760057471264359
3501.039260969977,0.0745258620689655,0.07760057471264359
3505.5427251732103,0.07298850574712634,0.07606321839080454
3510.046189376443,0.0714511494252873,0.0745258620689655
3514.5496535796765,0.0714511494252873,0.07298850574712634
3519.0531177829102,0.06991379310344814,0.0714511494252873
3523.556581986143,0.0683764367816091,0.06991379310344814
3528.0600461893764,0.06683908045977016,0.0683764367816091
3532.5635103926097,0.065301724137931,0.06683908045977016
3537.066974595843,0.06376436781609196,0.065301724137931
3541.5704387990763,0.062227011494252915,0.06376436781609196
3546.073903002309,0.06068965517241376,0.062227011494252915
3550.5773672055425,0.059152298850574714,0.06068965517241376
3555.0808314087762,0.05761494252873556,0.059152298850574714
3559.584295612009,0.05607758620689651,0.05761494252873556
3564.0877598152424,0.05454022988505747,0.05607758620689651
3568.5912240184757,0.05300287356321831,0.05454022988505747
3573.094688221709,0.051465517241379266,0.05300287356321831
3577.5981524249423,0.04992816091954011,0.05300287356321831
3582.1016166281756,0.048390804597701065,0.051465517241379266
3586.6050808314085,0.04685344827586213,0.04992816091954011
3591.1085450346422,0.045316091954022975,0.048390804597701065
3595.6120092378756,0.04377873563218393,0.04685344827586213
3600.1154734411084,0.04224137931034477,0.045316091954022975
3604.6189376443417,0.04224137931034477,0.04377873563218393
3609.1224018475755,0.03916666666666668,0.04224137931034477
3613.6258660508083,0.03916666666666668,0.04070402298850573
3618.1293302540416,0.03762931034482753,0.03916666666666668
3622.6327944572745,0.03609195402298848,0.03762931034482753
3627.1362586605082,0.034554597701149325,0.03762931034482753
3631.6397228637416,0.03301724137931028,0.03609195402298848
3636.1431870669744,0.031479885057471235,0.034554597701149325
3640.6466512702077,0.031479885057471235,0.03301724137931028
3645.150115473441,0.02994252873563208,0.031479885057471235
3649.6535796766743,0.028405172413793034,0.031479885057471235
3654.1570438799076,0.02686781609195399,0.02994252873563208
3658.660508083141,0.02686781609195399,0.028405172413793034
3663.163972286374,0.025330459770114833,0.028405172413793034
3667.6674364896076,0.0237931034482759,0.02686781609195399
3672.170900692841,0.0237931034482759,0.025330459770114833
3676.6743648960737,0.022255747126436742,0.0237931034482759
3681.177829099307,0.022255747126436742,0.0237931034482759
3685.681293302541,0.020718390804597697,0.022255747126436742
3690.1847575057736,0.01918103448275854,0.022255747126436742
3694.688221709007,0.01918103448275854,0.020718390804597697
3699.19168591224,0.017643678160919496,0.01918103448275854
3703.6951501154736,0.017643678160919496,0.01918103448275854
3708.198614318707,0.01610632183908045,0.017643678160919496
3712.7020785219397,0.01610632183908045,0.017643678160919496
3717.205542725173,0.014568965517241184,0.01610632183908045
3721.709006928407,0.014568965517241184,0.01610632183908045
3726.2124711316396,0.01303160919540236,0.01610632183908045
3730.715935334873,0.01303160919540236,0.014568965517241184
3735.2193995381062,0.011494252873563315,0.014568965517241184
3739.7228637413396,0.011494252873563315,0.01303160919540236
3744.226327944573,0.011494252873563315,0.01303160919540236
3748.729792147806,0.009956896551724048,0.01303160919540236
3753.233256351039,0.009956896551724048,0.011494252873563315
3757.736720554273,0.009956896551724048,0.011494252873563315
3762.240184757506,0.009956896551724048,0.011494252873563315
3766.743648960739,0.009956896551724048,0.011494252873563315
3771.2471131639722,0.009956896551724048,0.011494252873563315
3775.7505773672056,0.009956896551724048,0.011494252873563315
3780.254041570439,0.008419540229885003,0.009956896551724048
3784.757505773672,0.008419540229885003,0.009956896551724048
3789.260969976905,0.008419540229885003,0.009956896551724048
3793.764434180139,0.008419540229885003,0.009956896551724048
3798.267898383372,0.008419540229885003,0.014568965517241184
3802.771362586605,0.014568965517241184,0.022255747126436742
3807.2748267898382,0.022255747126436742,0.02686781609195399
3811.7782909930716,0.022255747126436742,0.02686781609195399
3816.281755196305,0.01303160919540236,0.022255747126436742
3820.785219399538,0.008419540229885003,0.01303160919540236
3825.2886836027715,0.006882183908045958,0.008419540229885003
3829.7921478060043,0.006882183908045958,0.008419540229885003
3834.295612009238,0.006882183908045958,0.008419540229885003
3838.799076212471,0.006882183908045958,0.008419540229885003
3843.3025404157042,0.006882183908045958,0.008419540229885003
3847.8060046189375,0.006882183908045958,0.008419540229885003
3852.309468822171,0.006882183908045958,0.008419540229885003
3856.812933025404,0.006882183908045958,0.008419540229885003
3861.3163972286375,0.006882183908045958,0.008419540229885003
3865.8198614318703,0.006882183908045958,0.008419540229885003
3870.323325635104,0.005344827586206913,0.006882183908045958
3874.8267898383374,0.005344827586206913,0.006882183908045958
3879.3302540415702,0.005344827586206913,0.006882183908045958
3883.8337182448035,0.005344827586206913,0.006882183908045958
3888.3371824480373,0.005344827586206913,0.006882183908045958
3892.84064665127,0.005344827586206913,0.006882183908045958
3897.3441108545035,0.005344827586206913,0.006882183908045958
3901.847575057737,0.005344827586206913,0.006882183908045958
3906.35103926097,0.005344827586206913,0.006882183908045958
3910.8545034642034,0.0038074712643678676,0.005344827586206913
3915.3579676674362,0.0038074712643678676,0.005344827586206913
3919.8614318706695,0.0038074712643678676,0.005344827586206913
3924.3648960739033,0.0038074712643678676,0.005344827586206913
3928.868360277136,0.0038074712643678676,0.005344827586206913
3933.3718244803695,0.0038074712643678676,0.005344827586206913
3937.875288683603,0.0038074712643678676,0.005344827586206913
3942.378752886836,0.0038074712643678676,0.005344827586206913
3946.8822170900694,0.0038074712643678676,0.005344827586206913
3951.3856812933027,0.0038074712643678676,0.005344827586206913
3955.8891454965355,0.0038074712643678676,0.005344827586206913
3960.392609699769,0.0038074712643678676,0.005344827586206913
3964.8960739030026,0.0038074712643678676,0.005344827586206913
3969.3995381062355,0.0038074712643678676,0.005344827586206913
3973.903002309469,0.0038074712643678676,0.005344827586206913
3978.406466512702,0.0038074712643678676,0.005344827586206913
3982.9099307159354,0.0038074712643678676,0.005344827586206913
3987.4133949191687,0.0038074712643678676,0.005344827586206913
3991.9168591224015,0.0038074712643678676,0.005344827586206913
3996.420323325635,0.0038074712643678676,0.005344827586206913
4000.9237875288686,0.0038074712643678676,0.005344827586206913
4005.4272517321015,0.0038074712643678676,0.005344827586206913
4009.930715935335,0.0038074712643678676,0.005344827586206913
4014.434180138568,0.0022701149425286005,0.0038074712643678676
