380.1385681293302,0.2666954022988506,0.2789942528735633
384.64203233256353,0.24056034482758615,0.2666954022988506
389.1454965357968,0.239022988505747,0.24056034482758615
393.64896073903003,0.235948275862069,0.239022988505747
398.1524249422633,0.2297988505747126,0.235948275862069
402.65588914549653,0.23133620689655177,0.235948275862069
407.1593533487298,0.235948275862069,0.24056034482758615
411.66281755196303,0.24056034482758615,0.24978448275862064
416.16628175519634,0.24978448275862064,0.25593390804597704
420.66974595842953,0.2543965517241379,0.2605459770114942
425.17321016166284,0.2605459770114942,0.2713074712643678
429.6766743648961,0.2713074712643678,0.2836063218390804
434.18013856812934,0.2836063218390804,0.29436781609195406
438.6836027713626,0.29436781609195406,0.3020545977011494
443.18706697459584,0.2989798850574713,0.3020545977011494
447.69053117782914,0.3020545977011494,0.3143534482758621
452.19399538106234,0.3143534482758621,0.3343390804597701
456.69745958429564,0.3343390804597701,0.36662356321839085
461.2009237875289,0.36662356321839085,0.4358045977011493
465.7043879907621,0.4358045977011493,0.5710919540229885
470.20785219399534,0.43272988505747123,0.5803160919540229
474.71131639722864,0.239022988505747,0.43272988505747123
479.2147806004619,0.20981321839080458,0.239022988505747
483.71824480369514,0.21596264367816098,0.235948275862069
488.2217090069284,0.235948275862069,0.25285919540229884
492.72517321016164,0.25285919540229884,0.2682327586206896
497.2286374133949,0.2682327586206896,0.2789942528735633
501.7321016166282,0.2789942528735633,0.2897557471264367
506.23556581986145,0.2897557471264367,0.3020545977011494
510.7390300230947,0.3020545977011494,0.31281609195402293
515.242494226328,0.31281609195402293,0.3266522988505747
519.7459584295611,0.3266522988505747,0.34202586206896557
524.2494226327944,0.34202586206896557,0.36354885057471265
528.7528868360278,0.36354885057471265,0.391221264367816
533.2563510392611,0.391221264367816,0.42350574712643674
537.7598152424941,0.42350574712643674,0.4634770114942529
542.2632794457274,0.4634770114942529,0.4757758620689655
546.7667436489608,0.4388793103448275,0.47116379310344825
551.2702078521941,0.40505747126436786,0.4388793103448275
555.7736720554273,0.3866091954022989,0.40505747126436786
560.2771362586604,0.3620114942528736,0.3866091954022989
564.7806004618938,0.33895114942528737,0.3620114942528736
569.2840646651271,0.30974137931034473,0.33895114942528737
573.7875288683603,0.28821839080459766,0.30974137931034473
578.2909930715936,0.2651580459770114,0.28821839080459766
582.7944572748268,0.25285919540229884,0.2651580459770114
587.2979214780601,0.239022988505747,0.25285919540229884
591.8013856812934,0.23133620689655177,0.239022988505747
596.3048498845266,0.22211206896551716,0.23133620689655177
600.8083140877598,0.21750000000000003,0.22364942528735632
605.3117782909931,0.21135057471264362,0.21903735632183896
609.8152424942264,0.21135057471264362,0.21288793103448278
614.3187066974596,0.20981321839080458,0.21135057471264362
618.8221709006928,0.21135057471264362,0.24670977011494244
623.3256351039261,0.21135057471264362,0.2482471264367816
627.8290993071594,0.20981321839080458,0.21288793103448278
632.3325635103927,0.20827586206896553,0.21135057471264362
636.8360277136259,0.20673850574712638,0.20981321839080458
641.3394919168591,0.20673850574712638,0.20981321839080458
645.8429561200924,0.20981321839080458,0.21135057471264362
650.3464203233257,0.20981321839080458,0.21135057471264362
654.8498845265589,0.20981321839080458,0.21288793103448278
659.3533487297922,0.20981321839080458,0.21288793103448278
663.8568129330254,0.20981321839080458,0.21442528735632183
668.3602771362587,0.21288793103448278,0.21903735632183896
672.863741339492,0.21903735632183896,0.22364942528735632
677.3672055427252,0.22211206896551716,0.2267241379310344
681.8706697459585,0.2267241379310344,0.23441091954022986
686.3741339491917,0.23441091954022986,0.2482471264367816
690.877598152425,0.2482471264367816,0.2897557471264367
695.3810623556583,0.2897557471264367,0.3374137931034482
699.8845265588914,0.25900862068965524,0.3205028735632184
704.3879907621247,0.25900862068965524,0.2620833333333332
708.891454965358,0.2620833333333332,0.2743821839080459
713.3949191685913,0.2743821839080459,0.2897557471264367
717.8983833718245,0.2897557471264367,0.3051293103448275
722.4018475750578,0.3051293103448275,0.3251149425287355
726.905311778291,0.3251149425287355,0.34510057471264366
731.4087759815242,0.34510057471264366,0.3497126436781609
735.9122401847575,0.3205028735632184,0.3466379310344827
740.4157043879907,0.31281609195402293,0.3205028735632184
744.919168591224,0.30974137931034473,0.31589080459770114
749.4226327944573,0.3051293103448275,0.31281609195402293
753.9260969976905,0.31281609195402293,0.3466379310344827
758.4295612009238,0.3466379310344827,0.36662356321839085
762.933025404157,0.36662356321839085,0.39275862068965517
767.4364896073903,0.39275862068965517,0.4250431034482759
771.9399538106235,0.4250431034482759,0.4604022988505747
776.4434180138568,0.4604022988505747,0.4880747126436782
780.9468822170901,0.4880747126436782,0.504985632183908
785.4503464203233,0.5003735632183908,0.5065229885057471
789.9538106235566,0.4880747126436782,0.5003735632183908
794.4572748267898,0.485,0.4880747126436782
798.9607390300231,0.485,0.5203591954022988
803.4642032332564,0.5203591954022988,0.61875
807.9676674364896,0.61875,0.7094540229885058
812.4711316397229,0.7094540229885058,0.7586494252873563
816.9745958429561,0.7586494252873563,0.8232183908045977
821.4780600461894,0.7002298850574713,0.8186063218390804
825.9815242494227,0.5172844827586206,0.7002298850574713
830.4849884526559,0.503448275862069,0.5326580459770115
834.9884526558892,0.3650862068965518,0.5326580459770115
839.4919168591224,0.19751436781609188,0.3650862068965518
843.9953810623557,0.12987068965517246,0.19751436781609188
848.4988452655889,0.10527298850574707,0.12987068965517246
853.0023094688222,0.09912356321839078,0.10527298850574707
857.5057736720555,0.09912356321839078,0.10066091954022982
862.0092378752887,0.10066091954022982,0.10373563218390802
866.512702078522,0.10373563218390802,0.10988505747126442
871.0161662817552,0.10988505747126442,0.1191091954022988
875.5196304849884,0.1191091954022988,0.1252586206896552
880.0230946882217,0.1191091954022988,0.12218390804597701
884.5265588914549,0.12218390804597701,0.12679597701149425
889.0300230946882,0.12372126436781605,0.12679597701149425
893.5334872979214,0.12218390804597701,0.12679597701149425
898.0369515011547,0.12679597701149425,0.1314080459770115
902.540415704388,0.1314080459770115,0.1375574712643678
907.0438799076212,0.1375574712643678,0.15139367816091953
911.5473441108545,0.15139367816091953,0.16984195402298852
916.0508083140877,0.16984195402298852,0.20366379310344818
920.554272517321,0.20366379310344818,0.2728448275862069
925.0577367205542,0.2605459770114942,0.29744252873563215
929.5612009237875,0.1882902298850575,0.2605459770114942
934.0646651270208,0.18367816091954015,0.19290229885057475
938.568129330254,0.19290229885057475,0.22057471264367812
943.0715935334873,0.22057471264367812,0.25900862068965524
947.5750577367205,0.25900862068965524,0.2728448275862069
952.0785219399538,0.2728448275862069,0.3174281609195402
956.5819861431871,0.3174281609195402,0.3681609195402298
961.0854503464203,0.3681609195402298,0.4388793103448275
965.5889145496536,0.4388793103448275,0.5680172413793103
970.0923787528868,0.5680172413793103,0.7647988505747126
974.5958429561201,0.7647988505747126,0.9754166666666667
979.0993071593533,0.8601149425287357,1.0061637931034484
983.6027713625866,0.4788505747126436,0.8601149425287357
988.1062355658199,0.2866810344827586,0.4788505747126436
992.6096997690531,0.20981321839080458,0.2866810344827586
997.1131639722864,0.1790660919540229,0.20981321839080458
1001.6166281755196,0.14370689655172408,0.1790660919540229
1006.1200923787529,0.12679597701149425,0.14370689655172408
1010.6235565819862,0.11757183908045976,0.12679597701149425
1015.1270207852194,0.11757183908045976,0.12064655172413785
1019.6304849884527,0.1191091954022988,0.12218390804597701
1024.133949191686,0.1129597701149424,0.12218390804597701
1028.6374133949191,0.10988505747126442,0.1129597701149424
1033.1408775981524,0.10834770114942527,0.10988505747126442
1037.6443418013855,0.10681034482758622,0.10834770114942527
1042.1478060046188,0.10527298850574707,0.10834770114942527
1046.6512702078521,0.10527298850574707,0.10988505747126442
1051.1547344110854,0.10988505747126442,0.11142241379310336
1055.6581986143187,0.11142241379310336,0.1129597701149424
1060.161662817552,0.1129597701149424,0.11757183908045976
1064.6651270207853,0.11757183908045976,0.1252586206896552
1069.1685912240184,0.1252586206896552,0.13294540229885055
1073.6720554272517,0.13294540229885055,0.14370689655172408
1078.1755196304848,0.14370689655172408,0.15908045977011487
1082.6789838337181,0.15908045977011487,0.1790660919540229
1087.1824480369514,0.1790660919540229,0.2267241379310344
1091.6859122401847,0.2267241379310344,0.3143534482758621
1096.189376443418,0.18367816091954015,0.3082040229885057
1100.6928406466513,0.1759913793103447,0.18367816091954015
1105.1963048498847,0.1759913793103447,0.17752873563218385
1109.6997690531177,0.17752873563218385,0.18367816091954015
1114.203233256351,0.18367816091954015,0.19597701149425295
1118.7066974595843,0.19597701149425295,0.20673850574712638
1123.2101616628174,0.20673850574712638,0.21442528735632183
1127.7136258660507,0.21442528735632183,0.22364942528735632
1132.217090069284,0.22364942528735632,0.2420977011494252
1136.7205542725173,0.2420977011494252,0.2620833333333332
1141.2240184757507,0.2620833333333332,0.2682327586206896
1145.727482678984,0.2666954022988506,0.2897557471264367
1150.2309468822173,0.2897557471264367,0.3497126436781609
1154.7344110854503,0.3497126436781609,0.5126724137931035
1159.2378752886837,0.29744252873563215,0.5111350574712643
1163.741339491917,0.2959051724137931,0.3143534482758621
1168.24480369515,0.3143534482758621,0.34817528735632175
1172.7482678983833,0.34817528735632175,0.40198275862068966
1177.2517321016167,0.40198275862068966,0.44964080459770117
1181.75519630485,0.44964080459770117,0.541882183908046
1186.258660508083,0.541882183908046,0.7033045977011494
1190.7621247113166,0.7033045977011494,0.9154597701149425
1195.2655889145497,0.8401293103448276,0.9308333333333334
1199.7690531177827,0.5910775862068965,0.8401293103448276
1204.272517321016,0.5311206896551723,0.5910775862068965
1208.7759815242493,0.5557183908045977,0.6064511494252873
1213.2794457274827,0.504985632183908,0.5649425287356322
1217.782909930716,0.5649425287356322,0.7878591954022989
1222.2863741339493,0.7878591954022989,0.8601149425287357
1226.7898383371826,0.6464224137931034,0.8339798850574713
1231.2933025404157,0.5188218390804598,0.6464224137931034
1235.796766743649,0.4696264367816092,0.5188218390804598
1240.3002309468823,0.44964080459770117,0.4696264367816092
1244.8036951501156,0.4311925287356321,0.44964080459770117
1249.3071593533487,0.3942959770114942,0.4311925287356321
1253.810623556582,0.3205028735632184,0.3942959770114942
1258.3140877598153,0.2482471264367816,0.3205028735632184
1262.8175519630483,0.2297988505747126,0.2482471264367816
1267.3210161662819,0.23133620689655177,0.2574712643678161
1271.824480369515,0.2574712643678161,0.3051293103448275
1276.3279445727483,0.3051293103448275,0.3266522988505747
1280.8314087759813,0.2713074712643678,0.3235775862068966
1285.3348729792149,0.23748563218390806,0.2713074712643678
1289.838337182448,0.19905172413793093,0.23748563218390806
1294.3418013856813,0.17445402298850576,0.19905172413793093
1298.8452655889146,0.17445402298850576,0.19905172413793093
1303.3487297921479,0.19905172413793093,0.2328735632183908
1307.852193995381,0.21750000000000003,0.2328735632183908
1312.3556581986143,0.21288793103448278,0.21750000000000003
1316.8591224018476,0.20058908045977009,0.21288793103448278
1321.3625866050809,0.1852155172413793,0.20058908045977009
1325.866050808314,0.1852155172413793,0.20212643678160913
1330.3695150115475,0.20212643678160913,0.239022988505747
1334.8729792147806,0.239022988505747,0.2897557471264367
1339.3764434180139,0.2897557471264367,0.31589080459770114
1343.879907621247,0.28821839080459766,0.31589080459770114
1348.3833718244805,0.2836063218390804,0.29129310344827586
1352.8868360277136,0.29129310344827586,0.33280172413793097
1357.3903002309469,0.33280172413793097,0.34510057471264366
1361.8937644341802,0.30974137931034473,0.33895114942528737
1366.3972286374135,0.2743821839080459,0.30974137931034473
1370.9006928406466,0.22518678160919536,0.2743821839080459
1375.40415704388,0.17445402298850576,0.22518678160919536
1379.9076212471132,0.1529310344827587,0.17445402298850576
1384.4110854503465,0.14216954022988504,0.1529310344827587
1388.9145496535796,0.13602011494252864,0.14216954022988504
1393.418013856813,0.1344827586206896,0.13602011494252864
1397.9214780600462,0.13602011494252864,0.14524425287356324
1402.4249422632795,0.14524425287356324,0.16522988505747127
1406.9284064665128,0.16522988505747127,0.1913649425287356
1411.4318706697459,0.1913649425287356,0.22826149425287356
1415.9353348729792,0.22826149425287356,0.2620833333333332
1420.4387990762123,0.2620833333333332,0.2759195402298851
1424.9422632794458,0.2743821839080459,0.2836063218390804
1429.4457274826789,0.2836063218390804,0.3205028735632184
1433.9491916859122,0.3205028735632184,0.4158189655172413
1438.4526558891455,0.4158189655172413,0.4819252873563218
1442.9561200923788,0.48038793103448274,0.4880747126436782
1447.4595842956119,0.46193965517241375,0.48038793103448274
1451.9630484988454,0.42043103448275865,0.46193965517241375
1456.4665127020785,0.371235632183908,0.42043103448275865
1460.9699769053118,0.3404885057471264,0.371235632183908
1465.4734411085449,0.3174281609195402,0.3404885057471264
1469.9769053117784,0.29129310344827586,0.3174281609195402
1474.4803695150115,0.2836063218390804,0.29129310344827586
1478.9838337182448,0.2836063218390804,0.2959051724137931
1483.487297921478,0.2959051724137931,0.3374137931034482
1487.9907621247114,0.3374137931034482,0.39890804597701146
1492.4942263279445,0.39890804597701146,0.4819252873563218
1496.9976905311778,0.4819252873563218,0.5710919540229885
1501.501154734411,0.5710919540229885,0.6494971264367817
1506.0046189376444,0.6494971264367817,0.7986206896551724
1510.5080831408775,0.6218247126436782,0.810919540229885
1515.011547344111,0.28514367816091946,0.6218247126436782
1519.515011547344,0.15139367816091953,0.28514367816091946
1524.0184757505774,0.09758620689655173,0.15139367816091953
1528.5219399538107,0.07606321839080454,0.09758620689655173
1533.025404157044,0.06683908045977016,0.07606321839080454
1537.528868360277,0.065301724137931,0.06683908045977016
1542.0323325635104,0.065301724137931,0.0683764367816091
1546.5357967667437,0.0683764367816091,0.07606321839080454
1551.0392609699768,0.07606321839080454,0.08682471264367819
1555.54272517321,0.08682471264367819,0.10373563218390802
1560.0461893764434,0.10373563218390802,0.1191091954022988
1564.5496535796767,0.1191091954022988,0.12987068965517246
1569.0531177829098,0.12987068965517246,0.16061781609195402
1573.556581986143,0.16061781609195402,0.21596264367816098
1578.0600461893764,0.21596264367816098,0.2836063218390804
1582.5635103926097,0.2836063218390804,0.4634770114942529
1587.0669745958428,0.4634770114942529,0.6787068965517241
1591.5704387990763,0.3881465517241378,0.6710201149425288
1596.0739030023094,0.36047413793103444,0.41428160919540225
1600.5773672055427,0.41428160919540225,0.5956896551724138
1605.080831408776,0.4281178160919541,0.6064511494252873
1609.5842956120093,0.21442528735632183,0.4281178160919541
1614.0877598152424,0.1283333333333333,0.21442528735632183
1618.5912240184757,0.08836206896551724,0.1283333333333333
1623.094688221709,0.07298850574712634,0.08836206896551724
1627.5981524249423,0.06068965517241376,0.07298850574712634
1632.1016166281754,0.05454022988505747,0.06068965517241376
1636.605080831409,0.051465517241379266,0.05607758620689651
1641.108545034642,0.04992816091954011,0.05300287356321831
1645.6120092378753,0.05300287356321831,0.05607758620689651
1650.1154734411084,0.05607758620689651,0.05761494252873556
1654.618937644342,0.05761494252873556,0.059152298850574714
1659.122401847575,0.05454022988505747,0.059152298850574714
1663.6258660508083,0.045316091954022975,0.05454022988505747
1668.1293302540416,0.03916666666666668,0.045316091954022975
1672.632794457275,0.034554597701149325,0.03916666666666668
1677.136258660508,0.025330459770114833,0.034554597701149325
1681.6397228637413,0.020718390804597697,0.025330459770114833
1686.1431870669746,0.01918103448275854,0.022255747126436742
1690.646651270208,0.01610632183908045,0.020718390804597697
1695.150115473441,0.01303160919540236,0.017643678160919496
1699.6535796766743,0.011494252873563315,0.01303160919540236
1704.1570438799076,0.006882183908045958,0.011494252873563315
1708.6605080831407,0.005344827586206913,0.008419540229885003
1713.1639722863742,0.0038074712643678676,0.005344827586206913
1717.6674364896073,0.0022701149425286005,0.0038074712643678676
1722.1709006928406,0.0022701149425286005,0.0038074712643678676
1726.6743648960737,0.0022701149425286005,0.005344827586206913
1731.1778290993072,0.0022701149425286005,0.005344827586206913
1735.6812933025403,0.005344827586206913,0.006882183908045958
1740.1847575057736,0.005344827586206913,0.009956896551724048
1744.688221709007,0.008419540229885003,0.009956896551724048
1749.1916859122402,0.008419540229885003,0.009956896551724048
1753.6951501154733,0.008419540229885003,0.011494252873563315
1758.1986143187066,0.009956896551724048,0.01610632183908045
1762.70207852194,0.014568965517241184,0.020718390804597697
1767.2055427251732,0.020718390804597697,0.025330459770114833
1771.7090069284063,0.0237931034482759,0.028405172413793034
1776.2124711316399,0.028405172413793034,0.03301724137931028
1780.715935334873,0.03301724137931028,0.034554597701149325
1785.2193995381062,0.02686781609195399,0.034554597701149325
1789.7228637413396,0.022255747126436742,0.02686781609195399
1794.2263279445729,0.020718390804597697,0.022255747126436742
1798.729792147806,0.01918103448275854,0.020718390804597697
1803.2332563510392,0.01918103448275854,0.020718390804597697
1807.7367205542726,0.017643678160919496,0.01918103448275854
1812.2401847575059,0.017643678160919496,0.01918103448275854
1816.743648960739,0.017643678160919496,0.01918103448275854
1821.2471131639725,0.017643678160919496,0.020718390804597697
1825.7505773672056,0.017643678160919496,0.020718390804597697
1830.2540415704389,0.01918103448275854,0.020718390804597697
1834.757505773672,0.017643678160919496,0.020718390804597697
1839.2609699769055,0.01610632183908045,0.01918103448275854
1843.7644341801386,0.014568965517241184,0.01610632183908045
1848.2678983833719,0.014568965517241184,0.017643678160919496
1852.7713625866052,0.01610632183908045,0.017643678160919496
1857.2748267898382,0.01610632183908045,0.01918103448275854
1861.7782909930716,0.017643678160919496,0.020718390804597697
1866.2817551963049,0.01918103448275854,0.022255747126436742
1870.7852193995382,0.022255747126436742,0.02686781609195399
1875.2886836027712,0.02686781609195399,0.02994252873563208
1879.7921478060046,0.02994252873563208,0.03762931034482753
1884.2956120092379,0.03762931034482753,0.04992816091954011
1888.7990762124712,0.04992816091954011,0.07606321839080454
1893.3025404157042,0.07606321839080454,0.09604885057471257
1897.8060046189378,0.05761494252873556,0.09451149425287353
1902.3094688221709,0.03609195402298848,0.05761494252873556
1906.8129330254042,0.02994252873563208,0.03609195402298848
1911.3163972286372,0.028405172413793034,0.02994252873563208
1915.8198614318708,0.028405172413793034,0.02994252873563208
1920.3233256351039,0.02994252873563208,0.031479885057471235
1924.8267898383372,0.02994252873563208,0.031479885057471235
1929.3302540415705,0.028405172413793034,0.02994252873563208
1933.8337182448038,0.028405172413793034,0.02994252873563208
1938.3371824480369,0.02686781609195399,0.028405172413793034
1942.8406466512704,0.028405172413793034,0.031479885057471235
1947.3441108545035,0.031479885057471235,0.03609195402298848
1951.8475750577368,0.03609195402298848,0.03916666666666668
1956.3510392609699,0.03762931034482753,0.03916666666666668
1960.8545034642034,0.03762931034482753,0.04070402298850573
1965.3579676674365,0.04070402298850573,0.04377873563218393
1969.8614318706698,0.04377873563218393,0.045316091954022975
1974.364896073903,0.04070402298850573,0.04377873563218393
1978.8683602771364,0.04070402298850573,0.04224137931034477
1983.3718244803695,0.03916666666666668,0.04070402298850573
1987.8752886836028,0.04070402298850573,0.04224137931034477
1992.378752886836,0.04224137931034477,0.04377873563218393
1996.8822170900694,0.04377873563218393,0.045316091954022975
2001.3856812933025,0.04224137931034477,0.045316091954022975
2005.8891454965358,0.04377873563218393,0.045316091954022975
2010.392609699769,0.04377873563218393,0.04685344827586213
2014.8960739030022,0.045316091954022975,0.048390804597701065
2019.3995381062355,0.048390804597701065,0.051465517241379266
2023.9030023094688,0.048390804597701065,0.05300287356321831
2028.406466512702,0.04685344827586213,0.04992816091954011
2032.9099307159352,0.04377873563218393,0.04685344827586213
2037.4133949191687,0.045316091954022975,0.048390804597701065
2041.9168591224018,0.04685344827586213,0.04992816091954011
2046.420323325635,0.04992816091954011,0.05454022988505747
2050.923787528868,0.05454022988505747,0.059152298850574714
2055.4272517321015,0.05761494252873556,0.059152298850574714
2059.930715935335,0.05454022988505747,0.05761494252873556
2064.434180138568,0.05300287356321831,0.05607758620689651
2068.9376443418014,0.051465517241379266,0.05300287356321831
2073.4411085450347,0.051465517241379266,0.05454022988505747
2077.944572748268,0.05454022988505747,0.05607758620689651
2082.4480369515013,0.05454022988505747,0.059152298850574714
2086.9515011547346,0.05607758620689651,0.059152298850574714
2091.454965357968,0.05607758620689651,0.059152298850574714
2095.958429561201,0.05454022988505747,0.05607758620689651
2100.4618937644345,0.05300287356321831,0.05454022988505747
2104.9653579676674,0.05300287356321831,0.05607758620689651
2109.4688221709007,0.05300287356321831,0.05607758620689651
2113.972286374134,0.05300287356321831,0.05454022988505747
2118.4757505773673,0.05300287356321831,0.05454022988505747
2122.9792147806,0.051465517241379266,0.05300287356321831
2127.482678983834,0.051465517241379266,0.05300287356321831
2131.986143187067,0.05300287356321831,0.05454022988505747
2136.4896073903,0.05454022988505747,0.05607758620689651
2140.9930715935334,0.05607758620689651,0.05761494252873556
2145.4965357967667,0.05761494252873556,0.059152298850574714
2150.0,0.05761494252873556,0.059152298850574714
2154.5034642032333,0.059152298850574714,0.06068965517241376
2159.0069284064666,0.05761494252873556,0.059152298850574714
2163.5103926097,0.059152298850574714,0.062227011494252915
2168.013856812933,0.06068965517241376,0.062227011494252915
2172.517321016166,0.062227011494252915,0.06376436781609196
2177.0207852194,0.06376436781609196,0.065301724137931
2181.524249422633,0.065301724137931,0.0683764367816091
2186.027713625866,0.06683908045977016,0.0683764367816091
2190.5311778290993,0.06683908045977016,0.0683764367816091
2195.034642032332,0.06683908045977016,0.06991379310344814
2199.5381062355655,0.0683764367816091,0.06991379310344814
2204.041570438799,0.0683764367816091,0.06991379310344814
2208.545034642032,0.0683764367816091,0.06991379310344814
2213.0484988452654,0.06991379310344814,0.07298850574712634
2217.5519630484987,0.06991379310344814,0.07298850574712634
2222.055427251732,0.06991379310344814,0.07298850574712634
2226.5588914549653,0.0714511494252873,0.07298850574712634
2231.0623556581986,0.07298850574712634,0.07606321839080454
2235.565819861432,0.0745258620689655,0.07760057471264359
2240.069284064665,0.07606321839080454,0.07760057471264359
2244.5727482678985,0.0745258620689655,0.07606321839080454
2249.0762124711314,0.07606321839080454,0.07760057471264359
2253.579676674365,0.07606321839080454,0.07760057471264359
2258.0831408775985,0.07760057471264359,0.08067528735632179
2262.5866050808313,0.08067528735632179,0.08221264367816095
2267.0900692840646,0.08221264367816095,0.08374999999999999
2271.593533487298,0.08374999999999999,0.08836206896551724
2276.096997690531,0.08836206896551724,0.09297413793103437
2280.6004618937645,0.09297413793103437,0.09604885057471257
2285.1039260969974,0.08989942528735628,0.09451149425287353
2289.607390300231,0.08682471264367819,0.08989942528735628
2294.1108545034645,0.08528735632183904,0.08836206896551724
2298.6143187066973,0.08682471264367819,0.08836206896551724
2303.1177829099306,0.08836206896551724,0.09143678160919533
2307.621247113164,0.08989942528735628,0.09143678160919533
2312.124711316397,0.08989942528735628,0.09143678160919533
2316.6281755196305,0.09143678160919533,0.09297413793103437
2321.131639722864,0.09143678160919533,0.09451149425287353
2325.6351039260967,0.09143678160919533,0.09604885057471257
2330.1385681293305,0.09297413793103437,0.10066091954022982
2334.6420323325638,0.09758620689655173,0.10066091954022982
2339.1454965357966,0.09912356321839078,0.10219827586206898
2343.64896073903,0.09912356321839078,0.10373563218390802
2348.152424942263,0.10066091954022982,0.10219827586206898
2352.6558891454965,0.10066091954022982,0.10219827586206898
2357.15935334873,0.10066091954022982,0.10373563218390802
2361.6628175519627,0.10373563218390802,0.10681034482758622
2366.1662817551965,0.10681034482758622,0.10834770114942527
2370.6697459584298,0.10527298850574707,0.10834770114942527
2375.1732101616626,0.10681034482758622,0.10988505747126442
2379.676674364896,0.10834770114942527,0.11142241379310336
2384.1801385681297,0.10988505747126442,0.11142241379310336
2388.6836027713625,0.11142241379310336,0.11449712643678156
2393.187066974596,0.11449712643678156,0.1160344827586206
2397.690531177829,0.1160344827586206,0.12064655172413785
2402.1939953810625,0.1191091954022988,0.1252586206896552
2406.6974595842958,0.1252586206896552,0.12987068965517246
2411.200923787529,0.12987068965517246,0.1344827586206896
2415.704387990762,0.1344827586206896,0.1375574712643678
2420.2078521939957,0.1375574712643678,0.14216954022988504
2424.7113163972285,0.14063218390804588,0.14216954022988504
2429.214780600462,0.14063218390804588,0.14524425287356324
2433.718244803695,0.14524425287356324,0.14831896551724133
2438.2217090069284,0.14831896551724133,0.15139367816091953
2442.7251732101618,0.15139367816091953,0.15754310344827582
2447.228637413395,0.15754310344827582,0.15908045977011487
2451.732101616628,0.15908045977011487,0.16369252873563211
2456.235565819861,0.16369252873563211,0.16830459770114936
2460.739030023095,0.16830459770114936,0.17291666666666672
2465.242494226328,0.17137931034482756,0.17291666666666672
2469.745958429561,0.17137931034482756,0.1759913793103447
2474.2494226327944,0.17445402298850576,0.17752873563218385
2478.7528868360278,0.17752873563218385,0.18060344827586206
2483.256351039261,0.18060344827586206,0.18367816091954015
2487.759815242494,0.18367816091954015,0.18675287356321835
2492.263279445727,0.18675287356321835,0.18982758620689655
2496.766743648961,0.18675287356321835,0.1882902298850575
2501.270207852194,0.18675287356321835,0.18982758620689655
2505.773672055427,0.18060344827586206,0.18675287356321835
2510.2771362586604,0.17291666666666672,0.18060344827586206
2514.7806004618938,0.16830459770114936,0.17291666666666672
2519.284064665127,0.16522988505747127,0.16830459770114936
2523.7875288683604,0.16522988505747127,0.16676724137931032
2528.290993071593,0.16676724137931032,0.16984195402298852
2532.794457274827,0.16830459770114936,0.17291666666666672
2537.2979214780603,0.16984195402298852,0.17291666666666672
2541.801385681293,0.17291666666666672,0.1759913793103447
2546.3048498845264,0.1759913793103447,0.18060344827586206
2550.80831408776,0.18060344827586206,0.1882902298850575
2555.311778290993,0.1882902298850575,0.1944396551724138
2559.8152424942264,0.1944396551724138,0.20366379310344818
2564.318706697459,0.20366379310344818,0.20981321839080458
2568.822170900693,0.20981321839080458,0.21903735632183896
2573.3256351039263,0.21903735632183896,0.2297988505747126
2577.829099307159,0.2297988505747126,0.23748563218390806
2582.3325635103924,0.23748563218390806,0.2420977011494252
2586.836027713626,0.2420977011494252,0.24978448275862064
2591.339491916859,0.24978448275862064,0.2513218390804598
2595.8429561200924,0.24978448275862064,0.25285919540229884
2600.3464203233257,0.2513218390804598,0.25285919540229884
2604.849884526559,0.24978448275862064,0.25285919540229884
2609.3533487297923,0.2513218390804598,0.2543965517241379
2613.8568129330256,0.2482471264367816,0.25285919540229884
2618.3602771362584,0.2420977011494252,0.24978448275862064
2622.8637413394918,0.235948275862069,0.2420977011494252
2627.3672055427255,0.2328735632183908,0.23748563218390806
2631.8706697459584,0.23133620689655177,0.2328735632183908
2636.3741339491917,0.23133620689655177,0.23441091954022986
2640.8775981524245,0.2328735632183908,0.235948275862069
2645.3810623556583,0.2328735632183908,0.235948275862069
2649.8845265588916,0.235948275862069,0.23748563218390806
2654.3879907621244,0.235948275862069,0.24056034482758615
2658.8914549653578,0.24056034482758615,0.2482471264367816
2663.3949191685915,0.2482471264367816,0.25593390804597704
2667.8983833718244,0.25593390804597704,0.2682327586206896
2672.4018475750577,0.2666954022988506,0.2743821839080459
2676.905311778291,0.2743821839080459,0.2836063218390804
2681.4087759815243,0.2836063218390804,0.29129310344827586
2685.9122401847576,0.29129310344827586,0.29744252873563215
2690.415704387991,0.29744252873563215,0.30051724137931035
2694.9191685912238,0.2989798850574713,0.30359195402298844
2699.4226327944575,0.2989798850574713,0.3051293103448275
2703.926096997691,0.3051293103448275,0.3082040229885057
2708.4295612009237,0.3082040229885057,0.31281609195402293
2712.933025404157,0.31281609195402293,0.3174281609195402
2717.4364896073903,0.31589080459770114,0.3205028735632184
2721.9399538106236,0.31281609195402293,0.3174281609195402
2726.443418013857,0.3051293103448275,0.31281609195402293
2730.9468822170898,0.2989798850574713,0.3051293103448275
2735.4503464203235,0.2928304597701149,0.2989798850574713
2739.953810623557,0.2897557471264367,0.2928304597701149
2744.4572748267897,0.2866810344827586,0.2897557471264367
2748.960739030023,0.2836063218390804,0.28821839080459766
2753.4642032332563,0.2805316091954023,0.2836063218390804
2757.9676674364896,0.2805316091954023,0.28206896551724125
2762.471131639723,0.2774568965517241,0.2805316091954023
2766.974595842956,0.2743821839080459,0.2774568965517241
2771.478060046189,0.2759195402298851,0.2789942528735633
2775.981524249423,0.2759195402298851,0.2836063218390804
2780.484988452656,0.2836063218390804,0.29129310344827586
2784.988452655889,0.29129310344827586,0.30051724137931035
2789.4919168591223,0.30051724137931035,0.31589080459770114
2793.9953810623556,0.31589080459770114,0.3297270114942529
2798.498845265589,0.3297270114942529,0.34817528735632175
2803.002309468822,0.34817528735632175,0.3681609195402298
2807.505773672055,0.3681609195402298,0.37584770114942523
2812.009237875289,0.372772988505747,0.3773850574712644
2816.512702078522,0.37584770114942523,0.3773850574712644
2821.016166281755,0.371235632183908,0.3773850574712644
2825.5196304849883,0.36662356321839085,0.371235632183908
2830.023094688222,0.3558620689655172,0.36662356321839085
2834.526558891455,0.352787356321839,0.3589367816091954
2839.030023094688,0.34817528735632175,0.352787356321839
2843.5334872979215,0.34510057471264366,0.3497126436781609
2848.036951501155,0.3435632183908046,0.34817528735632175
2852.540415704388,0.34202586206896557,0.3497126436781609
2857.0438799076214,0.34202586206896557,0.34510057471264366
2861.5473441108543,0.3435632183908046,0.3466379310344827
2866.050808314088,0.3466379310344827,0.35124999999999995
2870.554272517321,0.3497126436781609,0.35739942528735635
2875.057736720554,0.35739942528735635,0.36662356321839085
2879.5612009237875,0.36662356321839085,0.38199712643678163
2884.064665127021,0.38199712643678163,0.39890804597701146
2888.568129330254,0.39890804597701146,0.42043103448275865
2893.0715935334874,0.42043103448275865,0.4388793103448275
2897.5750577367203,0.4388793103448275,0.44656609195402297
2902.0785219399536,0.4419540229885057,0.4511781609195402
2906.5819861431874,0.4281178160919541,0.4419540229885057
2911.08545034642,0.4219683908045977,0.4281178160919541
2915.5889145496535,0.41120689655172404,0.4219683908045977
2920.092378752887,0.4096695402298851,0.41428160919540225
2924.59584295612,0.41120689655172404,0.4127442528735632
2929.0993071593534,0.41120689655172404,0.4219683908045977
2933.6027713625867,0.42043103448275865,0.4311925287356321
2938.1062355658196,0.4311925287356321,0.4373419540229885
2942.6096997690533,0.4373419540229885,0.4542528735632183
2947.113163972286,0.4542528735632183,0.46193965517241375
2951.6166281755195,0.4527155172413794,0.46193965517241375
2956.120092378753,0.4511781609195402,0.4542528735632183
2960.623556581986,0.4527155172413794,0.45886494252873555
2965.1270207852194,0.45886494252873555,0.466551724137931
2969.6304849884527,0.466551724137931,0.48653735632183903
2974.1339491916856,0.48653735632183903,0.5003735632183908
2978.6374133949193,0.4450287356321839,0.4942241379310345
2983.1408775981527,0.4250431034482759,0.4450287356321839
2987.6443418013855,0.4219683908045977,0.4281178160919541
2992.147806004619,0.42350574712643674,0.4281178160919541
2996.6512702078526,0.4250431034482759,0.4388793103448275
3001.1547344110854,0.4388793103448275,0.4511781609195402
3005.6581986143187,0.4511781609195402,0.466551724137931
3010.161662817552,0.466551724137931,0.48038793103448274
3014.6651270207853,0.48038793103448274,0.4988362068965517
3019.1685912240187,0.4988362068965517,0.5188218390804598
3023.6720554272515,0.5188218390804598,0.541882183908046
3028.175519630485,0.541882183908046,0.5587931034482758
3032.6789838337186,0.5587931034482758,0.5710919540229885
3037.1824480369514,0.5388074712643678,0.5603304597701149
3041.6859122401847,0.5311206896551723,0.5388074712643678
3046.189376443418,0.5341954022988505,0.5434195402298851
3050.6928406466513,0.5434195402298851,0.5572557471264368
3055.1963048498847,0.5572557471264368,0.561867816091954
3059.699769053118,0.5557183908045977,0.5664798850574713
3064.203233256351,0.5511063218390805,0.5572557471264368
3068.706697459584,0.5526436781609195,0.5634051724137932
3073.210161662818,0.5634051724137932,0.5803160919540229
3077.7136258660507,0.5803160919540229,0.5910775862068965
3082.217090069284,0.5910775862068965,0.6110632183908046
3086.7205542725173,0.6079885057471265,0.6202873563218391
3091.2240184757507,0.61875,0.6295114942528734
3095.727482678984,0.6295114942528734,0.6433477011494253
3100.230946882217,0.6433477011494253,0.6633333333333333
3104.73441108545,0.6602586206896552,0.6694827586206897
3109.237875288684,0.6694827586206897,0.6848563218390804
3113.7413394919167,0.6848563218390804,0.6925431034482759
3118.24480369515,0.6925431034482759,0.7033045977011494
3122.7482678983833,0.7002298850574713,0.7063793103448276
3127.2517321016167,0.7017672413793103,0.7063793103448276
3131.75519630485,0.7033045977011494,0.7063793103448276
3136.2586605080833,0.7033045977011494,0.7109913793103448
3140.762124711316,0.7048419540229884,0.7125287356321839
3145.26558891455,0.6986925287356323,0.715603448275862
3149.769053117783,0.6986925287356323,0.7002298850574713
3154.272517321016,0.6848563218390804,0.6986925287356323
3158.7759815242493,0.6817816091954023,0.6848563218390804
3163.2794457274827,0.6648706896551724,0.6817816091954023
3167.782909930716,0.6602586206896552,0.6679454022988506
3172.2863741339493,0.6494971264367817,0.6617959770114943
3176.789838337182,0.6325862068965518,0.6494971264367817
3181.293302540416,0.6295114942528734,0.6356609195402299
3185.796766743649,0.6172126436781609,0.6295114942528734
3190.300230946882,0.6033764367816092,0.6172126436781609
3194.8036951501153,0.5910775862068965,0.6033764367816092
3199.3071593533487,0.5772413793103448,0.5910775862068965
3203.810623556582,0.5772413793103448,0.5833908045977012
3208.3140877598153,0.5741666666666667,0.5833908045977012
3212.8175519630486,0.5603304597701149,0.5741666666666667
3217.3210161662814,0.5511063218390805,0.5603304597701149
3221.824480369515,0.5480316091954023,0.5526436781609195
3226.3279445727485,0.5449568965517241,0.5495689655172413
3230.8314087759813,0.5372701149425287,0.5464942528735632
3235.3348729792147,0.5326580459770115,0.5388074712643678
3239.838337182448,0.521896551724138,0.5326580459770115
3244.3418013856813,0.5203591954022988,0.523433908045977
3248.8452655889146,0.5157471264367817,0.523433908045977
3253.3487297921474,0.5095977011494253,0.5203591954022988
3257.852193995381,0.5065229885057471,0.5142097701149425
3262.3556581986145,0.5019109195402299,0.5065229885057471
3266.8591224018473,0.5003735632183908,0.504985632183908
3271.3625866050807,0.4942241379310345,0.504985632183908
3275.8660508083144,0.4942241379310345,0.5019109195402299
3280.3695150115473,0.49268678160919543,0.4957614942528735
3284.8729792147806,0.4942241379310345,0.49729885057471257
3289.376443418014,0.4942241379310345,0.5003735632183908
3293.879907621247,0.5003735632183908,0.5019109195402299
3298.3833718244805,0.5003735632183908,0.503448275862069
3302.886836027714,0.5019109195402299,0.5065229885057471
3307.3903002309467,0.504985632183908,0.5126724137931035
3311.8937644341804,0.5080603448275862,0.5126724137931035
3316.3972286374133,0.5126724137931035,0.5172844827586206
3320.9006928406466,0.5157471264367817,0.523433908045977
3325.40415704388,0.523433908045977,0.5326580459770115
3329.907621247113,0.5326580459770115,0.5388074712643678
3334.4110854503465,0.5388074712643678,0.5449568965517241
3338.91454965358,0.5434195402298851,0.5587931034482758
3343.4180138568126,0.5587931034482758,0.5664798850574713
3347.9214780600464,0.5664798850574713,0.5803160919540229
3352.4249422632797,0.5803160919540229,0.5910775862068965
3356.9284064665126,0.5910775862068965,0.600301724137931
3361.431870669746,0.600301724137931,0.6172126436781609
3365.935334872979,0.6172126436781609,0.6341235632183908
3370.4387990762125,0.6341235632183908,0.6587212643678161
3374.942263279446,0.6587212643678161,0.6956178160919539
3379.445727482679,0.6956178160919539,0.7309770114942529
3383.949191685912,0.7309770114942529,0.7817097701149426
3388.4526558891457,0.7817097701149426,0.8462787356321839
3392.9561200923786,0.8462787356321839,0.8985488505747127
3397.459584295612,0.8985488505747127,0.9508189655172414
3401.963048498845,0.9508189655172414,0.9661925287356322
3406.4665127020785,0.9462068965517242,0.961580459770115
3410.969976905312,0.8985488505747127,0.9462068965517242
3415.473441108545,0.829367816091954,0.8985488505747127
3419.976905311778,0.7663362068965518,0.829367816091954
3424.4803695150117,0.7048419540229884,0.7663362068965518
3428.983833718245,0.6710201149425288,0.7048419540229884
3433.487297921478,0.6202873563218391,0.6710201149425288
3437.990762124711,0.5910775862068965,0.6202873563218391
3442.494226327945,0.561867816091954,0.5910775862068965
3446.997690531178,0.541882183908046,0.561867816091954
3451.501154734411,0.5203591954022988,0.541882183908046
3456.0046189376444,0.4942241379310345,0.5203591954022988
3460.5080831408777,0.47731321839080454,0.4942241379310345
3465.011547344111,0.45886494252873555,0.47731321839080454
3469.515011547344,0.4419540229885057,0.45886494252873555
3474.018475750577,0.42043103448275865,0.4419540229885057
3478.521939953811,0.4035201149425287,0.42043103448275865
3483.025404157044,0.38507183908045983,0.4035201149425287
3487.528868360277,0.3681609195402298,0.38507183908045983
3492.0323325635104,0.34817528735632175,0.3681609195402298
3496.5357967667437,0.3297270114942529,0.34817528735632175
3501.039260969977,0.3112787356321839,0.3297270114942529
3505.5427251732103,0.2959051724137931,0.3112787356321839
3510.046189376443,0.2805316091954023,0.2959051724137931
3514.5496535796765,0.2651580459770114,0.2805316091954023
3519.0531177829102,0.24670977011494244,0.2651580459770114
3523.556581986143,0.2297988505747126,0.24670977011494244
3528.0600461893764,0.21596264367816098,0.2297988505747126
3532.5635103926097,0.20212643678160913,0.21596264367816098
3537.066974595843,0.1882902298850575,0.20212643678160913
3541.5704387990763,0.1759913793103447,0.1882902298850575
3546.073903002309,0.16676724137931032,0.1759913793103447
3550.5773672055425,0.15600574712643667,0.16676724137931032
3555.0808314087762,0.14370689655172408,0.15600574712643667
3559.584295612009,0.1375574712643678,0.14370689655172408
3564.0877598152424,0.1283333333333333,0.1375574712643678
3568.5912240184757,0.12064655172413785,0.1283333333333333
3573.094688221709,0.11142241379310336,0.12064655172413785
3577.5981524249423,0.10527298850574707,0.11142241379310336
3582.1016166281756,0.10066091954022982,0.10527298850574707
3586.6050808314085,0.09758620689655173,0.10066091954022982
3591.1085450346422,0.09297413793103437,0.09758620689655173
3595.6120092378756,0.08528735632183904,0.09297413793103437
3600.1154734411084,0.07760057471264359,0.08528735632183904
3604.6189376443417,0.06683908045977016,0.07760057471264359
3609.1224018475755,0.059152298850574714,0.06683908045977016
3613.6258660508083,0.051465517241379266,0.059152298850574714
3618.1293302540416,0.04685344827586213,0.051465517241379266
3622.6327944572745,0.045316091954022975,0.04685344827586213
3627.1362586605082,0.03916666666666668,0.045316091954022975
3631.6397228637416,0.03609195402298848,0.03916666666666668
3636.1431870669744,0.03301724137931028,0.03916666666666668
3640.6466512702077,0.02994252873563208,0.03301724137931028
3645.150115473441,0.025330459770114833,0.031479885057471235
3649.6535796766743,0.022255747126436742,0.025330459770114833
3654.1570438799076,0.017643678160919496,0.022255747126436742
3658.660508083141,0.01610632183908045,0.01918103448275854
3663.163972286374,0.01303160919540236,0.01610632183908045
3667.6674364896076,0.011494252873563315,0.014568965517241184
3672.170900692841,0.009956896551724048,0.01303160919540236
3676.6743648960737,0.006882183908045958,0.011494252873563315
3681.177829099307,0.008419540229885003,0.009956896551724048
3685.681293302541,0.006882183908045958,0.008419540229885003
3690.1847575057736,0.0038074712643678676,0.008419540229885003
3694.688221709007,0.0038074712643678676,0.005344827586206913
3699.19168591224,0.0038074712643678676,0.005344827586206913
3703.6951501154736,0.0022701149425286005,0.005344827586206913
3708.198614318707,0.0007327586206895553,0.0022701149425286005
3712.7020785219397,-0.0008045977011494898,0.0007327586206895553
3717.205542725173,-0.0008045977011494898,0.0007327586206895553
3721.709006928407,-0.0008045977011494898,0.0022701149425286005
3726.2124711316396,-0.0008045977011494898,0.0022701149425286005
3730.715935334873,-0.0008045977011494898,0.0007327586206895553
3735.2193995381062,-0.0008045977011494898,0.0007327586206895553
3739.7228637413396,-0.0008045977011494898,0.0007327586206895553
3744.226327944573,-0.0008045977011494898,0.0007327586206895553
3748.729792147806,-0.0008045977011494898,0.0007327586206895553
3753.233256351039,0.0007327586206895553,0.0022701149425286005
3757.736720554273,0.0007327586206895553,0.0038074712643678676
3762.240184757506,0.0007327586206895553,0.0022701149425286005
3766.743648960739,0.0007327586206895553,0.0038074712643678676
3771.2471131639722,0.0007327586206895553,0.0022701149425286005
3775.7505773672056,0.0022701149425286005,0.005344827586206913
3780.254041570439,0.0038074712643678676,0.005344827586206913
3784.757505773672,0.0038074712643678676,0.006882183908045958
3789.260969976905,0.0022701149425286005,0.006882183908045958
3793.764434180139,0.005344827586206913,0.008419540229885003
3798.267898383372,0.005344827586206913,0.008419540229885003
3802.771362586605,0.005344827586206913,0.009956896551724048
3807.2748267898382,0.008419540229885003,0.009956896551724048
3811.7782909930716,0.008419540229885003,0.011494252873563315
3816.281755196305,0.008419540229885003,0.011494252873563315
3820.785219399538,0.009956896551724048,0.011494252873563315
3825.2886836027715,0.011494252873563315,0.014568965517241184
3829.7921478060043,0.011494252873563315,0.014568965517241184
3834.295612009238,0.01303160919540236,0.014568965517241184
3838.799076212471,0.011494252873563315,0.014568965517241184
3843.3025404157042,0.01303160919540236,0.01610632183908045
3847.8060046189375,0.014568965517241184,0.01610632183908045
3852.309468822171,0.01610632183908045,0.017643678160919496
3856.812933025404,0.014568965517241184,0.017643678160919496
3861.3163972286375,0.01610632183908045,0.01918103448275854
3865.8198614318703,0.01918103448275854,0.020718390804597697
3870.323325635104,0.01918103448275854,0.0237931034482759
3874.8267898383374,0.020718390804597697,0.025330459770114833
3879.3302540415702,0.020718390804597697,0.025330459770114833
3883.8337182448035,0.0237931034482759,0.025330459770114833
3888.3371824480373,0.025330459770114833,0.02686781609195399
3892.84064665127,0.025330459770114833,0.028405172413793034
3897.3441108545035,0.028405172413793034,0.031479885057471235
3901.847575057737,0.028405172413793034,0.02994252873563208
3906.35103926097,0.02994252873563208,0.031479885057471235
3910.8545034642034,0.028405172413793034,0.031479885057471235
3915.3579676674362,0.028405172413793034,0.02994252873563208
3919.8614318706695,0.028405172413793034,0.02994252873563208
3924.3648960739033,0.02686781609195399,0.028405172413793034
3928.868360277136,0.02686781609195399,0.031479885057471235
3933.3718244803695,0.02686781609195399,0.02994252873563208
3937.875288683603,0.02994252873563208,0.03301724137931028
3942.378752886836,0.031479885057471235,0.03301724137931028
3946.8822170900694,0.02994252873563208,0.034554597701149325
3951.3856812933027,0.03301724137931028,0.03609195402298848
3955.8891454965355,0.034554597701149325,0.03762931034482753
3960.392609699769,0.03609195402298848,0.03762931034482753
3964.8960739030026,0.03609195402298848,0.03762931034482753
3969.3995381062355,0.034554597701149325,0.03762931034482753
3973.903002309469,0.03609195402298848,0.03762931034482753
3978.406466512702,0.03609195402298848,0.03762931034482753
3982.9099307159354,0.03609195402298848,0.03762931034482753
3987.4133949191687,0.03609195402298848,0.03916666666666668
3991.9168591224015,0.03609195402298848,0.03916666666666668
3996.420323325635,0.03609195402298848,0.03762931034482753
4000.9237875288686,0.03762931034482753,0.04070402298850573
4005.4272517321015,0.03916666666666668,0.04070402298850573
4009.930715935335,0.03916666666666668,0.04070402298850573
4014.434180138568,0.04070402298850573,0.04224137931034477
4018.9376443418014,0.04224137931034477,0.04377873563218393
