380.1385681293302,0.06376436781609196,0.07760057471264359
384.64203233256353,0.07760057471264359,0.14370689655172408
389.1454965357968,0.1191091954022988,0.14524425287356324
393.64896073903003,0.06376436781609196,0.1191091954022988
398.1524249422633,0.017643678160919496,0.06376436781609196
402.65588914549653,0.011494252873563315,0.017643678160919496
407.1593533487298,0.008419540229885003,0.014568965517241184
411.66281755196303,0.008419540229885003,0.014568965517241184
416.16628175519634,0.006882183908045958,0.01610632183908045
420.66974595842953,0.014568965517241184,0.01610632183908045
425.17321016166284,0.009956896551724048,0.01610632183908045
429.6766743648961,0.01610632183908045,0.017643678160919496
434.18013856812934,0.006882183908045958,0.01610632183908045
438.6836027713626,0.0022701149425286005,0.006882183908045958
443.18706697459584,0.0007327586206895553,0.005344827586206913
447.69053117782914,-0.0008045977011494898,0.005344827586206913
452.19399538106234,0.0022701149425286005,0.005344827586206913
456.69745958429564,0.005344827586206913,0.02686781609195399
461.2009237875289,0.02686781609195399,0.08221264367816095
465.7043879907621,0.08221264367816095,0.22057471264367812
470.20785219399534,0.22057471264367812,0.4250431034482759
474.71131639722864,0.3620114942528736,0.4911494252873563
479.2147806004619,0.13294540229885055,0.3620114942528736
483.71824480369514,0.0745258620689655,0.13294540229885055
488.2217090069284,0.05454022988505747,0.0745258620689655
492.72517321016164,0.03609195402298848,0.05454022988505747
497.2286374133949,0.01918103448275854,0.03609195402298848
501.7321016166282,0.01610632183908045,0.01918103448275854
506.23556581986145,0.01918103448275854,0.031479885057471235
510.7390300230947,0.031479885057471235,0.04685344827586213
515.242494226328,0.04685344827586213,0.0714511494252873
519.7459584295611,0.0714511494252873,0.09758620689655173
524.2494226327944,0.09758620689655173,0.1375574712643678
528.7528868360278,0.1375574712643678,0.18982758620689655
533.2563510392611,0.18982758620689655,0.2774568965517241
537.7598152424941,0.2774568965517241,0.44656609195402297
542.2632794457274,0.44656609195402297,0.8262931034482759
546.7667436489608,0.8262931034482759,1.02
551.2702078521941,0.2774568965517241,0.9185344827586207
555.7736720554273,0.04992816091954011,0.2774568965517241
560.2771362586604,0.017643678160919496,0.04992816091954011
564.7806004618938,0.01610632183908045,0.017643678160919496
569.2840646651271,0.014568965517241184,0.01918103448275854
573.7875288683603,0.01918103448275854,0.034554597701149325
578.2909930715936,0.034554597701149325,0.04992816091954011
582.7944572748268,0.04992816091954011,0.06376436781609196
587.2979214780601,0.06376436781609196,0.08067528735632179
591.8013856812934,0.08067528735632179,0.09604885057471257
596.3048498845266,0.09604885057471257,0.10681034482758622
600.8083140877598,0.10681034482758622,0.12218390804597701
605.3117782909931,0.12218390804597701,0.1375574712643678
609.8152424942264,0.1375574712643678,0.15600574712643667
614.3187066974596,0.15600574712643667,0.1759913793103447
618.8221709006928,0.1759913793103447,0.20520114942528733
623.3256351039261,0.20520114942528733,0.23133620689655177
627.8290993071594,0.21442528735632183,0.23133620689655177
632.3325635103927,0.22364942528735632,0.24978448275862064
636.8360277136259,0.24978448275862064,0.2759195402298851
641.3394919168591,0.2759195402298851,0.30666666666666664
645.8429561200924,0.30666666666666664,0.34202586206896557
650.3464203233257,0.34202586206896557,0.37892241379310343
654.8498845265589,0.37892241379310343,0.4188936781609195
659.3533487297922,0.4188936781609195,0.4511781609195402
663.8568129330254,0.4511781609195402,0.4757758620689655
668.3602771362587,0.4757758620689655,0.485
672.863741339492,0.4696264367816092,0.485
677.3672055427252,0.4281178160919541,0.4696264367816092
681.8706697459585,0.38199712643678163,0.4281178160919541
686.3741339491917,0.3235775862068966,0.38199712643678163
690.877598152425,0.2774568965517241,0.3235775862068966
695.3810623556583,0.2482471264367816,0.2774568965517241
699.8845265588914,0.24670977011494244,0.2543965517241379
704.3879907621247,0.2267241379310344,0.25285919540229884
708.891454965358,0.21135057471264362,0.2267241379310344
713.3949191685913,0.20058908045977009,0.21135057471264362
717.8983833718245,0.19290229885057475,0.20058908045977009
722.4018475750578,0.1821408045977011,0.19290229885057475
726.905311778291,0.17752873563218385,0.1821408045977011
731.4087759815242,0.1790660919540229,0.1821408045977011
735.9122401847575,0.18060344827586206,0.1882902298850575
740.4157043879907,0.1882902298850575,0.20058908045977009
744.919168591224,0.20058908045977009,0.20827586206896553
749.4226327944573,0.20212643678160913,0.20520114942528733
753.9260969976905,0.20520114942528733,0.20827586206896553
758.4295612009238,0.20827586206896553,0.21288793103448278
762.933025404157,0.21288793103448278,0.22364942528735632
767.4364896073903,0.22364942528735632,0.23441091954022986
771.9399538106235,0.23441091954022986,0.25285919540229884
776.4434180138568,0.25285919540229884,0.2774568965517241
780.9468822170901,0.2774568965517241,0.3143534482758621
785.4503464203233,0.3143534482758621,0.3743103448275862
789.9538106235566,0.3743103448275862,0.4819252873563218
794.4572748267898,0.4819252873563218,0.6479597701149425
798.9607390300231,0.6479597701149425,0.7955459770114943
803.4642032332564,0.7955459770114943,0.8754885057471264
807.9676674364896,0.8247557471264367,0.8801005747126437
812.4711316397229,0.6956178160919539,0.8247557471264367
816.9745958429561,0.6295114942528734,0.6956178160919539
821.4780600461894,0.5680172413793103,0.6295114942528734
825.9815242494227,0.4880747126436782,0.5680172413793103
830.4849884526559,0.391221264367816,0.4880747126436782
834.9884526558892,0.3804597701149425,0.391221264367816
839.4919168591224,0.391221264367816,0.4450287356321839
843.9953810623557,0.4450287356321839,0.503448275862069
848.4988452655889,0.503448275862069,0.5649425287356322
853.0023094688222,0.5649425287356322,0.6049137931034483
857.5057736720555,0.600301724137931,0.6141379310344828
862.0092378752887,0.5434195402298851,0.600301724137931
866.512702078522,0.4527155172413794,0.5434195402298851
871.0161662817552,0.3681609195402298,0.4527155172413794
875.5196304849884,0.3020545977011494,0.3681609195402298
880.0230946882217,0.2451724137931034,0.3020545977011494
884.5265588914549,0.1944396551724138,0.2451724137931034
889.0300230946882,0.16061781609195402,0.1944396551724138
893.5334872979214,0.13602011494252864,0.16061781609195402
898.0369515011547,0.1160344827586206,0.13602011494252864
902.540415704388,0.09297413793103437,0.1160344827586206
907.0438799076212,0.07298850574712634,0.09297413793103437
911.5473441108545,0.0683764367816091,0.07298850574712634
916.0508083140877,0.0683764367816091,0.0714511494252873
920.554272517321,0.0714511494252873,0.07913793103448274
925.0577367205542,0.07913793103448274,0.11449712643678156
929.5612009237875,0.11449712643678156,0.17445402298850576
934.0646651270208,0.13294540229885055,0.1759913793103447
938.568129330254,0.07913793103448274,0.13294540229885055
943.0715935334873,0.07913793103448274,0.1129597701149424
947.5750577367205,0.1129597701149424,0.13602011494252864
952.0785219399538,0.11757183908045976,0.12679597701149425
956.5819861431871,0.10988505747126442,0.11757183908045976
961.0854503464203,0.1129597701149424,0.13909482758620684
965.5889145496536,0.13909482758620684,0.1944396551724138
970.0923787528868,0.1944396551724138,0.2636206896551724
974.5958429561201,0.2636206896551724,0.33895114942528737
979.0993071593533,0.33895114942528737,0.5080603448275862
983.6027713625866,0.5080603448275862,0.8508908045977012
988.1062355658199,0.5772413793103448,0.867801724137931
992.6096997690531,0.42350574712643674,0.5772413793103448
997.1131639722864,0.42350574712643674,0.4373419540229885
1001.6166281755196,0.4188936781609195,0.4788505747126436
1006.1200923787529,0.21288793103448278,0.4634770114942529
1010.6235565819862,0.13909482758620684,0.21288793103448278
1015.1270207852194,0.12372126436781605,0.13909482758620684
1019.6304849884527,0.12218390804597701,0.12372126436781605
1024.133949191686,0.12372126436781605,0.13294540229885055
1028.6374133949191,0.13294540229885055,0.15446839080459762
1033.1408775981524,0.15446839080459762,0.18675287356321835
1037.6443418013855,0.18675287356321835,0.21442528735632183
1042.1478060046188,0.20981321839080458,0.21903735632183896
1046.6512702078521,0.17291666666666672,0.20981321839080458
1051.1547344110854,0.12372126436781605,0.17291666666666672
1055.6581986143187,0.07913793103448274,0.12372126436781605
1060.161662817552,0.04377873563218393,0.07913793103448274
1064.6651270207853,0.025330459770114833,0.04377873563218393
1069.1685912240184,0.017643678160919496,0.025330459770114833
1073.6720554272517,0.01610632183908045,0.017643678160919496
1078.1755196304848,0.014568965517241184,0.01610632183908045
1082.6789838337181,0.01610632183908045,0.034554597701149325
1087.1824480369514,0.034554597701149325,0.065301724137931
1091.6859122401847,0.020718390804597697,0.06376436781609196
1096.189376443418,0.014568965517241184,0.020718390804597697
1100.6928406466513,0.01610632183908045,0.028405172413793034
1105.1963048498847,0.028405172413793034,0.048390804597701065
1109.6997690531177,0.048390804597701065,0.0683764367816091
1114.203233256351,0.0683764367816091,0.07760057471264359
1118.7066974595843,0.07760057471264359,0.08682471264367819
1123.2101616628174,0.08682471264367819,0.10219827586206898
1127.7136258660507,0.10219827586206898,0.11449712643678156
1132.217090069284,0.048390804597701065,0.10988505747126442
1136.7205542725173,0.017643678160919496,0.048390804597701065
1141.2240184757507,0.01610632183908045,0.01918103448275854
1145.727482678984,0.01918103448275854,0.028405172413793034
1150.2309468822173,0.028405172413793034,0.045316091954022975
1154.7344110854503,0.045316091954022975,0.08221264367816095
1159.2378752886837,0.08221264367816095,0.16676724137931032
1163.741339491917,0.16676724137931032,0.28821839080459766
1168.24480369515,0.24670977011494244,0.3343390804597701
1172.7482678983833,0.08374999999999999,0.24670977011494244
1177.2517321016167,0.07606321839080454,0.08374999999999999
1181.75519630485,0.08374999999999999,0.11757183908045976
1186.258660508083,0.11757183908045976,0.1821408045977011
1190.7621247113166,0.1821408045977011,0.2805316091954023
1195.2655889145497,0.2805316091954023,0.2959051724137931
1199.7690531177827,0.2928304597701149,0.33280172413793097
1204.272517321016,0.33280172413793097,0.3650862068965518
1208.7759815242493,0.20212643678160913,0.352787356321839
1213.2794457274827,0.1252586206896552,0.20212643678160913
1217.782909930716,0.1129597701149424,0.1252586206896552
1222.2863741339493,0.1129597701149424,0.12372126436781605
1226.7898383371826,0.12372126436781605,0.15446839080459762
1231.2933025404157,0.15446839080459762,0.20366379310344818
1235.796766743649,0.20366379310344818,0.25900862068965524
1240.3002309468823,0.25900862068965524,0.31589080459770114
1244.8036951501156,0.31589080459770114,0.36354885057471265
1249.3071593533487,0.36354885057471265,0.3835344827586207
1253.810623556582,0.3266522988505747,0.3835344827586207
1258.3140877598153,0.22826149425287356,0.3266522988505747
1262.8175519630483,0.20673850574712638,0.22826149425287356
1267.3210161662819,0.20520114942528733,0.20981321839080458
1271.824480369515,0.20981321839080458,0.21442528735632183
1276.3279445727483,0.20366379310344818,0.21288793103448278
1280.8314087759813,0.1821408045977011,0.20366379310344818
1285.3348729792149,0.15446839080459762,0.1821408045977011
1289.838337182448,0.14216954022988504,0.15446839080459762
1294.3418013856813,0.14216954022988504,0.16522988505747127
1298.8452655889146,0.16522988505747127,0.1882902298850575
1303.3487297921479,0.15754310344827582,0.18675287356321835
1307.852193995381,0.15139367816091953,0.15754310344827582
1312.3556581986143,0.14216954022988504,0.15139367816091953
1316.8591224018476,0.1283333333333333,0.14216954022988504
1321.3625866050809,0.10681034482758622,0.1283333333333333
1325.866050808314,0.08989942528735628,0.10681034482758622
1330.3695150115475,0.08374999999999999,0.08989942528735628
1334.8729792147806,0.08067528735632179,0.08374999999999999
1339.3764434180139,0.08374999999999999,0.09604885057471257
1343.879907621247,0.09604885057471257,0.1283333333333333
1348.3833718244805,0.1283333333333333,0.19290229885057475
1352.8868360277136,0.19290229885057475,0.3020545977011494
1357.3903002309469,0.22364942528735632,0.3174281609195402
1361.8937644341802,0.13294540229885055,0.22364942528735632
1366.3972286374135,0.1129597701149424,0.13294540229885055
1370.9006928406466,0.10988505747126442,0.1129597701149424
1375.40415704388,0.11142241379310336,0.11757183908045976
1379.9076212471132,0.11757183908045976,0.1314080459770115
1384.4110854503465,0.1314080459770115,0.1498563218390805
1388.9145496535796,0.1498563218390805,0.17291666666666672
1393.418013856813,0.17291666666666672,0.20058908045977009
1397.9214780600462,0.20058908045977009,0.23133620689655177
1402.4249422632795,0.23133620689655177,0.25900862068965524
1406.9284064665128,0.25900862068965524,0.2651580459770114
1411.4318706697459,0.24670977011494244,0.2636206896551724
1415.9353348729792,0.22057471264367812,0.24670977011494244
1420.4387990762123,0.20981321839080458,0.22057471264367812
1424.9422632794458,0.21135057471264362,0.235948275862069
1429.4457274826789,0.235948275862069,0.31281609195402293
1433.9491916859122,0.18982758620689655,0.32204022988505754
1438.4526558891455,0.15446839080459762,0.18982758620689655
1442.9561200923788,0.15139367816091953,0.15754310344827582
1447.4595842956119,0.15754310344827582,0.19290229885057475
1451.9630484988454,0.17137931034482756,0.20673850574712638
1456.4665127020785,0.1252586206896552,0.17137931034482756
1460.9699769053118,0.1160344827586206,0.1252586206896552
1465.4734411085449,0.10834770114942527,0.1160344827586206
1469.9769053117784,0.10527298850574707,0.10834770114942527
1474.4803695150115,0.10527298850574707,0.10988505747126442
1478.9838337182448,0.10988505747126442,0.1191091954022988
1483.487297921478,0.1191091954022988,0.13602011494252864
1487.9907621247114,0.13602011494252864,0.16676724137931032
1492.4942263279445,0.16676724137931032,0.2267241379310344
1496.9976905311778,0.2267241379310344,0.3497126436781609
1501.501154734411,0.3497126436781609,0.5126724137931035
1506.0046189376444,0.5126724137931035,0.6694827586206897
1510.5080831408775,0.6694827586206897,0.7186781609195403
1515.011547344111,0.35739942528735635,0.6802442528735633
1519.515011547344,0.1759913793103447,0.35739942528735635
1524.0184757505774,0.10373563218390802,0.1759913793103447
1528.5219399538107,0.06991379310344814,0.10373563218390802
1533.025404157044,0.05607758620689651,0.06991379310344814
1537.528868360277,0.05300287356321831,0.05607758620689651
1542.0323325635104,0.05300287356321831,0.05761494252873556
1546.5357967667437,0.05761494252873556,0.06376436781609196
1551.0392609699768,0.06376436781609196,0.07298850574712634
1555.54272517321,0.07298850574712634,0.08221264367816095
1560.0461893764434,0.08221264367816095,0.09604885057471257
1564.5496535796767,0.09604885057471257,0.1129597701149424
1569.0531177829098,0.1129597701149424,0.1344827586206896
1573.556581986143,0.1344827586206896,0.16676724137931032
1578.0600461893764,0.16676724137931032,0.20366379310344818
1582.5635103926097,0.19905172413793093,0.21596264367816098
1587.0669745958428,0.1944396551724138,0.21288793103448278
1591.5704387990763,0.21288793103448278,0.28821839080459766
1596.0739030023094,0.28821839080459766,0.40813218390804595
1600.5773672055427,0.40813218390804595,0.5480316091954023
1605.080831408776,0.5480316091954023,0.581853448275862
1609.5842956120093,0.5511063218390805,0.581853448275862
1614.0877598152424,0.4911494252873563,0.5511063218390805
1618.5912240184757,0.4404166666666667,0.4911494252873563
1623.094688221709,0.39583333333333326,0.4404166666666667
1627.5981524249423,0.3466379310344827,0.39583333333333326
1632.1016166281754,0.29744252873563215,0.3466379310344827
1636.605080831409,0.2482471264367816,0.29744252873563215
1641.108545034642,0.20673850574712638,0.2482471264367816
1645.6120092378753,0.17137931034482756,0.20673850574712638
1650.1154734411084,0.14063218390804588,0.17137931034482756
1654.618937644342,0.11449712643678156,0.14063218390804588
1659.122401847575,0.09297413793103437,0.11449712643678156
1663.6258660508083,0.0745258620689655,0.09297413793103437
1668.1293302540416,0.059152298850574714,0.0745258620689655
1672.632794457275,0.045316091954022975,0.059152298850574714
1677.136258660508,0.034554597701149325,0.045316091954022975
1681.6397228637413,0.028405172413793034,0.034554597701149325
1686.1431870669746,0.025330459770114833,0.028405172413793034
1690.646651270208,0.0237931034482759,0.025330459770114833
1695.150115473441,0.022255747126436742,0.0237931034482759
1699.6535796766743,0.020718390804597697,0.022255747126436742
1704.1570438799076,0.020718390804597697,0.022255747126436742
1708.6605080831407,0.01918103448275854,0.020718390804597697
1713.1639722863742,0.017643678160919496,0.01918103448275854
1717.6674364896073,0.01610632183908045,0.017643678160919496
1722.1709006928406,0.01610632183908045,0.017643678160919496
1726.6743648960737,0.01610632183908045,0.017643678160919496
1731.1778290993072,0.01610632183908045,0.017643678160919496
1735.6812933025403,0.01610632183908045,0.017643678160919496
1740.1847575057736,0.014568965517241184,0.017643678160919496
1744.688221709007,0.014568965517241184,0.01610632183908045
1749.1916859122402,0.014568965517241184,0.01610632183908045
1753.6951501154733,0.01610632183908045,0.017643678160919496
1758.1986143187066,0.014568965517241184,0.01610632183908045
1762.70207852194,0.01610632183908045,0.017643678160919496
1767.2055427251732,0.017643678160919496,0.01918103448275854
1771.7090069284063,0.017643678160919496,0.020718390804597697
1776.2124711316399,0.01918103448275854,0.020718390804597697
1780.715935334873,0.01918103448275854,0.022255747126436742
1785.2193995381062,0.020718390804597697,0.022255747126436742
1789.7228637413396,0.020718390804597697,0.022255747126436742
1794.2263279445729,0.020718390804597697,0.022255747126436742
1798.729792147806,0.017643678160919496,0.020718390804597697
1803.2332563510392,0.017643678160919496,0.01918103448275854
1807.7367205542726,0.01610632183908045,0.017643678160919496
1812.2401847575059,0.01610632183908045,0.017643678160919496
1816.743648960739,0.01610632183908045,0.017643678160919496
1821.2471131639725,0.01610632183908045,0.017643678160919496
1825.7505773672056,0.01610632183908045,0.017643678160919496
1830.2540415704389,0.01610632183908045,0.017643678160919496
1834.757505773672,0.014568965517241184,0.01610632183908045
1839.2609699769055,0.014568965517241184,0.01610632183908045
1843.7644341801386,0.01610632183908045,0.017643678160919496
1848.2678983833719,0.01610632183908045,0.017643678160919496
1852.7713625866052,0.014568965517241184,0.01610632183908045
1857.2748267898382,0.014568965517241184,0.01610632183908045
1861.7782909930716,0.014568965517241184,0.01610632183908045
1866.2817551963049,0.014568965517241184,0.01610632183908045
1870.7852193995382,0.014568965517241184,0.017643678160919496
1875.2886836027712,0.01610632183908045,0.020718390804597697
1879.7921478060046,0.020718390804597697,0.022255747126436742
1884.2956120092379,0.022255747126436742,0.025330459770114833
1888.7990762124712,0.025330459770114833,0.028405172413793034
1893.3025404157042,0.028405172413793034,0.031479885057471235
1897.8060046189378,0.031479885057471235,0.04377873563218393
1902.3094688221709,0.04377873563218393,0.05454022988505747
1906.8129330254042,0.03609195402298848,0.05454022988505747
1911.3163972286372,0.0237931034482759,0.03609195402298848
1915.8198614318708,0.0237931034482759,0.025330459770114833
1920.3233256351039,0.0237931034482759,0.02686781609195399
1924.8267898383372,0.025330459770114833,0.028405172413793034
1929.3302540415705,0.01918103448275854,0.025330459770114833
1933.8337182448038,0.017643678160919496,0.01918103448275854
1938.3371824480369,0.01610632183908045,0.017643678160919496
1942.8406466512704,0.01610632183908045,0.017643678160919496
1947.3441108545035,0.014568965517241184,0.01610632183908045
1951.8475750577368,0.014568965517241184,0.01610632183908045
1956.3510392609699,0.01610632183908045,0.017643678160919496
1960.8545034642034,0.01610632183908045,0.017643678160919496
1965.3579676674365,0.01610632183908045,0.017643678160919496
1969.8614318706698,0.01610632183908045,0.017643678160919496
1974.364896073903,0.01610632183908045,0.017643678160919496
1978.8683602771364,0.01610632183908045,0.017643678160919496
1983.3718244803695,0.017643678160919496,0.022255747126436742
1987.8752886836028,0.022255747126436742,0.025330459770114833
1992.378752886836,0.022255747126436742,0.025330459770114833
1996.8822170900694,0.017643678160919496,0.022255747126436742
2001.3856812933025,0.01610632183908045,0.017643678160919496
2005.8891454965358,0.017643678160919496,0.01918103448275854
2010.392609699769,0.017643678160919496,0.01918103448275854
2014.8960739030022,0.01918103448275854,0.020718390804597697
2019.3995381062355,0.01918103448275854,0.022255747126436742
2023.9030023094688,0.01918103448275854,0.020718390804597697
2028.406466512702,0.017643678160919496,0.020718390804597697
2032.9099307159352,0.017643678160919496,0.01918103448275854
2037.4133949191687,0.01610632183908045,0.017643678160919496
2041.9168591224018,0.01610632183908045,0.017643678160919496
2046.420323325635,0.01610632183908045,0.017643678160919496
2050.923787528868,0.01610632183908045,0.017643678160919496
2055.4272517321015,0.01610632183908045,0.017643678160919496
2059.930715935335,0.01610632183908045,0.017643678160919496
2064.434180138568,0.01610632183908045,0.017643678160919496
2068.9376443418014,0.01610632183908045,0.017643678160919496
2073.4411085450347,0.01610632183908045,0.017643678160919496
2077.944572748268,0.017643678160919496,0.01918103448275854
2082.4480369515013,0.017643678160919496,0.01918103448275854
2086.9515011547346,0.017643678160919496,0.01918103448275854
2091.454965357968,0.017643678160919496,0.020718390804597697
2095.958429561201,0.017643678160919496,0.01918103448275854
2100.4618937644345,0.017643678160919496,0.01918103448275854
2104.9653579676674,0.01610632183908045,0.01918103448275854
2109.4688221709007,0.01610632183908045,0.017643678160919496
2113.972286374134,0.01610632183908045,0.017643678160919496
2118.4757505773673,0.01610632183908045,0.017643678160919496
2122.9792147806,0.014568965517241184,0.01610632183908045
2127.482678983834,0.01610632183908045,0.017643678160919496
2131.986143187067,0.01610632183908045,0.017643678160919496
2136.4896073903,0.01610632183908045,0.017643678160919496
2140.9930715935334,0.01610632183908045,0.017643678160919496
2145.4965357967667,0.01610632183908045,0.017643678160919496
2150.0,0.01610632183908045,0.017643678160919496
2154.5034642032333,0.01610632183908045,0.017643678160919496
2159.0069284064666,0.01610632183908045,0.017643678160919496
2163.5103926097,0.01610632183908045,0.017643678160919496
2168.013856812933,0.01610632183908045,0.017643678160919496
2172.517321016166,0.017643678160919496,0.01918103448275854
2177.0207852194,0.017643678160919496,0.01918103448275854
2181.524249422633,0.01610632183908045,0.017643678160919496
2186.027713625866,0.01610632183908045,0.017643678160919496
2190.5311778290993,0.01610632183908045,0.017643678160919496
2195.034642032332,0.01610632183908045,0.01918103448275854
2199.5381062355655,0.01610632183908045,0.01918103448275854
2204.041570438799,0.01610632183908045,0.017643678160919496
2208.545034642032,0.01610632183908045,0.017643678160919496
2213.0484988452654,0.01610632183908045,0.017643678160919496
2217.5519630484987,0.01610632183908045,0.017643678160919496
2222.055427251732,0.01610632183908045,0.01918103448275854
2226.5588914549653,0.017643678160919496,0.01918103448275854
2231.0623556581986,0.017643678160919496,0.01918103448275854
2235.565819861432,0.017643678160919496,0.01918103448275854
2240.069284064665,0.017643678160919496,0.01918103448275854
2244.5727482678985,0.01610632183908045,0.01918103448275854
2249.0762124711314,0.01610632183908045,0.017643678160919496
2253.579676674365,0.014568965517241184,0.01610632183908045
2258.0831408775985,0.014568965517241184,0.01610632183908045
2262.5866050808313,0.014568965517241184,0.01610632183908045
2267.0900692840646,0.014568965517241184,0.017643678160919496
2271.593533487298,0.01610632183908045,0.017643678160919496
2276.096997690531,0.017643678160919496,0.020718390804597697
2280.6004618937645,0.020718390804597697,0.022255747126436742
2285.1039260969974,0.020718390804597697,0.022255747126436742
2289.607390300231,0.017643678160919496,0.020718390804597697
2294.1108545034645,0.01610632183908045,0.017643678160919496
2298.6143187066973,0.01610632183908045,0.017643678160919496
2303.1177829099306,0.01610632183908045,0.017643678160919496
2307.621247113164,0.017643678160919496,0.01918103448275854
2312.124711316397,0.017643678160919496,0.01918103448275854
2316.6281755196305,0.017643678160919496,0.01918103448275854
2321.131639722864,0.01918103448275854,0.020718390804597697
2325.6351039260967,0.017643678160919496,0.020718390804597697
2330.1385681293305,0.01610632183908045,0.01918103448275854
2334.6420323325638,0.01610632183908045,0.017643678160919496
2339.1454965357966,0.014568965517241184,0.01610632183908045
2343.64896073903,0.014568965517241184,0.01610632183908045
2348.152424942263,0.014568965517241184,0.01610632183908045
2352.6558891454965,0.01610632183908045,0.017643678160919496
2357.15935334873,0.01610632183908045,0.01918103448275854
2361.6628175519627,0.01918103448275854,0.020718390804597697
2366.1662817551965,0.020718390804597697,0.022255747126436742
2370.6697459584298,0.020718390804597697,0.022255747126436742
2375.1732101616626,0.020718390804597697,0.022255747126436742
2379.676674364896,0.020718390804597697,0.022255747126436742
2384.1801385681297,0.022255747126436742,0.0237931034482759
2388.6836027713625,0.020718390804597697,0.022255747126436742
2393.187066974596,0.020718390804597697,0.022255747126436742
2397.690531177829,0.022255747126436742,0.0237931034482759
2402.1939953810625,0.0237931034482759,0.02686781609195399
2406.6974595842958,0.02686781609195399,0.02994252873563208
2411.200923787529,0.028405172413793034,0.02994252873563208
2415.704387990762,0.025330459770114833,0.028405172413793034
2420.2078521939957,0.0237931034482759,0.025330459770114833
2424.7113163972285,0.022255747126436742,0.0237931034482759
2429.214780600462,0.020718390804597697,0.022255747126436742
2433.718244803695,0.01918103448275854,0.022255747126436742
2438.2217090069284,0.01918103448275854,0.020718390804597697
2442.7251732101618,0.017643678160919496,0.020718390804597697
2447.228637413395,0.017643678160919496,0.01918103448275854
2451.732101616628,0.017643678160919496,0.01918103448275854
2456.235565819861,0.017643678160919496,0.01918103448275854
2460.739030023095,0.01610632183908045,0.01918103448275854
2465.242494226328,0.01610632183908045,0.017643678160919496
2469.745958429561,0.01610632183908045,0.017643678160919496
2474.2494226327944,0.01610632183908045,0.017643678160919496
2478.7528868360278,0.017643678160919496,0.01918103448275854
2483.256351039261,0.01610632183908045,0.01918103448275854
2487.759815242494,0.01610632183908045,0.017643678160919496
2492.263279445727,0.01610632183908045,0.017643678160919496
2496.766743648961,0.01610632183908045,0.017643678160919496
2501.270207852194,0.017643678160919496,0.01918103448275854
2505.773672055427,0.017643678160919496,0.020718390804597697
2510.2771362586604,0.01918103448275854,0.020718390804597697
2514.7806004618938,0.020718390804597697,0.022255747126436742
2519.284064665127,0.022255747126436742,0.0237931034482759
2523.7875288683604,0.01918103448275854,0.022255747126436742
2528.290993071593,0.017643678160919496,0.01918103448275854
2532.794457274827,0.01610632183908045,0.017643678160919496
2537.2979214780603,0.01610632183908045,0.017643678160919496
2541.801385681293,0.01610632183908045,0.017643678160919496
2546.3048498845264,0.01610632183908045,0.017643678160919496
2550.80831408776,0.01610632183908045,0.017643678160919496
2555.311778290993,0.01610632183908045,0.01918103448275854
2559.8152424942264,0.01918103448275854,0.020718390804597697
2564.318706697459,0.020718390804597697,0.0237931034482759
2568.822170900693,0.022255747126436742,0.0237931034482759
2573.3256351039263,0.022255747126436742,0.0237931034482759
2577.829099307159,0.022255747126436742,0.025330459770114833
2582.3325635103924,0.025330459770114833,0.02686781609195399
2586.836027713626,0.02686781609195399,0.02994252873563208
2591.339491916859,0.02994252873563208,0.034554597701149325
2595.8429561200924,0.034554597701149325,0.04070402298850573
2600.3464203233257,0.04070402298850573,0.048390804597701065
2604.849884526559,0.048390804597701065,0.05454022988505747
2609.3533487297923,0.05454022988505747,0.062227011494252915
2613.8568129330256,0.062227011494252915,0.0683764367816091
2618.3602771362584,0.0683764367816091,0.07298850574712634
2622.8637413394918,0.07298850574712634,0.0745258620689655
2627.3672055427255,0.06683908045977016,0.07298850574712634
2631.8706697459584,0.059152298850574714,0.06683908045977016
2636.3741339491917,0.05454022988505747,0.059152298850574714
2640.8775981524245,0.051465517241379266,0.05454022988505747
2645.3810623556583,0.04992816091954011,0.051465517241379266
2649.8845265588916,0.04685344827586213,0.048390804597701065
2654.3879907621244,0.045316091954022975,0.048390804597701065
2658.8914549653578,0.04685344827586213,0.048390804597701065
2663.3949191685915,0.04685344827586213,0.048390804597701065
2667.8983833718244,0.04685344827586213,0.048390804597701065
2672.4018475750577,0.048390804597701065,0.04992816091954011
2676.905311778291,0.04992816091954011,0.051465517241379266
2681.4087759815243,0.051465517241379266,0.05300287356321831
2685.9122401847576,0.05300287356321831,0.05454022988505747
2690.415704387991,0.05454022988505747,0.05607758620689651
2694.9191685912238,0.05607758620689651,0.059152298850574714
2699.4226327944575,0.059152298850574714,0.062227011494252915
2703.926096997691,0.06068965517241376,0.06376436781609196
2708.4295612009237,0.06376436781609196,0.06683908045977016
2712.933025404157,0.06683908045977016,0.07606321839080454
2717.4364896073903,0.07606321839080454,0.07913793103448274
2721.9399538106236,0.07298850574712634,0.07760057471264359
2726.443418013857,0.06991379310344814,0.07298850574712634
2730.9468822170898,0.06991379310344814,0.0714511494252873
2735.4503464203235,0.0683764367816091,0.0714511494252873
2739.953810623557,0.06991379310344814,0.0714511494252873
2744.4572748267897,0.0683764367816091,0.0714511494252873
2748.960739030023,0.0683764367816091,0.06991379310344814
2753.4642032332563,0.06991379310344814,0.0745258620689655
2757.9676674364896,0.0745258620689655,0.07606321839080454
2762.471131639723,0.07606321839080454,0.08067528735632179
2766.974595842956,0.08067528735632179,0.08528735632183904
2771.478060046189,0.08528735632183904,0.09143678160919533
2775.981524249423,0.09143678160919533,0.09758620689655173
2780.484988452656,0.09758620689655173,0.10373563218390802
2784.988452655889,0.10373563218390802,0.10988505747126442
2789.4919168591223,0.10988505747126442,0.1191091954022988
2793.9953810623556,0.1191091954022988,0.12987068965517246
2798.498845265589,0.12987068965517246,0.13909482758620684
2803.002309468822,0.13909482758620684,0.1529310344827587
2807.505773672055,0.1529310344827587,0.16676724137931032
2812.009237875289,0.16676724137931032,0.1790660919540229
2816.512702078522,0.1790660919540229,0.18675287356321835
2821.016166281755,0.18675287356321835,0.1944396551724138
2825.5196304849883,0.1944396551724138,0.19905172413793093
2830.023094688222,0.19905172413793093,0.20058908045977009
2834.526558891455,0.19905172413793093,0.20058908045977009
2839.030023094688,0.20058908045977009,0.20673850574712638
2843.5334872979215,0.20673850574712638,0.21750000000000003
2848.036951501155,0.21750000000000003,0.2267241379310344
2852.540415704388,0.2267241379310344,0.2420977011494252
2857.0438799076214,0.2420977011494252,0.2605459770114942
2861.5473441108543,0.2605459770114942,0.2866810344827586
2866.050808314088,0.2866810344827586,0.3205028735632184
2870.554272517321,0.3205028735632184,0.36047413793103444
2875.057736720554,0.36047413793103444,0.40198275862068966
2879.5612009237875,0.40198275862068966,0.42350574712643674
2884.064665127021,0.41428160919540225,0.4250431034482759
2888.568129330254,0.372772988505747,0.41428160919540225
2893.0715935334874,0.31281609195402293,0.372772988505747
2897.5750577367203,0.2743821839080459,0.31281609195402293
2902.0785219399536,0.25593390804597704,0.2743821839080459
2906.5819861431874,0.2451724137931034,0.25593390804597704
2911.08545034642,0.24056034482758615,0.2451724137931034
2915.5889145496535,0.24056034482758615,0.24670977011494244
2920.092378752887,0.24670977011494244,0.2666954022988506
2924.59584295612,0.2666954022988506,0.30051724137931035
2929.0993071593534,0.30051724137931035,0.34817528735632175
2933.6027713625867,0.34817528735632175,0.4358045977011493
2938.1062355658196,0.4358045977011493,0.5019109195402299
2942.6096997690533,0.41120689655172404,0.5065229885057471
2947.113163972286,0.2989798850574713,0.41120689655172404
2951.6166281755195,0.25593390804597704,0.2989798850574713
2956.120092378753,0.24363505747126435,0.25593390804597704
2960.623556581986,0.239022988505747,0.24363505747126435
2965.1270207852194,0.23133620689655177,0.239022988505747
2969.6304849884527,0.2267241379310344,0.23133620689655177
2974.1339491916856,0.22518678160919536,0.2267241379310344
2978.6374133949193,0.2267241379310344,0.2297988505747126
2983.1408775981527,0.2297988505747126,0.235948275862069
2987.6443418013855,0.23441091954022986,0.23748563218390806
2992.147806004619,0.22518678160919536,0.23441091954022986
2996.6512702078526,0.20981321839080458,0.22518678160919536
3001.1547344110854,0.19751436781609188,0.20981321839080458
3005.6581986143187,0.19597701149425295,0.19751436781609188
3010.161662817552,0.19597701149425295,0.20058908045977009
3014.6651270207853,0.20058908045977009,0.20673850574712638
3019.1685912240187,0.20673850574712638,0.21135057471264362
3023.6720554272515,0.20981321839080458,0.21135057471264362
3028.175519630485,0.20981321839080458,0.21135057471264362
3032.6789838337186,0.21135057471264362,0.21596264367816098
3037.1824480369514,0.21596264367816098,0.22518678160919536
3041.6859122401847,0.22518678160919536,0.2267241379310344
3046.189376443418,0.22518678160919536,0.22826149425287356
3050.6928406466513,0.22826149425287356,0.23441091954022986
3055.1963048498847,0.2267241379310344,0.235948275862069
3059.699769053118,0.22364942528735632,0.2267241379310344
3064.203233256351,0.22364942528735632,0.2267241379310344
3068.706697459584,0.2267241379310344,0.23133620689655177
3073.210161662818,0.23133620689655177,0.235948275862069
3077.7136258660507,0.23441091954022986,0.235948275862069
3082.217090069284,0.23133620689655177,0.23441091954022986
3086.7205542725173,0.23133620689655177,0.2328735632183908
3091.2240184757507,0.2328735632183908,0.239022988505747
3095.727482678984,0.239022988505747,0.2451724137931034
3100.230946882217,0.2451724137931034,0.25285919540229884
3104.73441108545,0.25285919540229884,0.2605459770114942
3109.237875288684,0.2605459770114942,0.26977011494252867
3113.7413394919167,0.26977011494252867,0.2774568965517241
3118.24480369515,0.2774568965517241,0.28514367816091946
3122.7482678983833,0.28514367816091946,0.2928304597701149
3127.2517321016167,0.2928304597701149,0.3020545977011494
3131.75519630485,0.3020545977011494,0.31281609195402293
3136.2586605080833,0.31281609195402293,0.3235775862068966
3140.762124711316,0.3235775862068966,0.33587643678160917
3145.26558891455,0.33587643678160917,0.34510057471264366
3149.769053117783,0.34510057471264366,0.3589367816091954
3154.272517321016,0.3589367816091954,0.3743103448275862
3158.7759815242493,0.3743103448275862,0.3881465517241378
3163.2794457274827,0.3881465517241378,0.4065948275862069
3167.782909930716,0.4065948275862069,0.42043103448275865
3172.2863741339493,0.42043103448275865,0.4358045977011493
3176.789838337182,0.4358045977011493,0.4542528735632183
3181.293302540416,0.4542528735632183,0.47423850574712634
3185.796766743649,0.47423850574712634,0.48961206896551723
3190.300230946882,0.48961206896551723,0.5080603448275862
3194.8036951501153,0.5080603448275862,0.5203591954022988
3199.3071593533487,0.5203591954022988,0.5357327586206897
3203.810623556582,0.5357327586206897,0.5495689655172413
3208.3140877598153,0.5495689655172413,0.5603304597701149
3212.8175519630486,0.5603304597701149,0.5710919540229885
3217.3210161662814,0.5710919540229885,0.5772413793103448
3221.824480369515,0.5772413793103448,0.5849281609195403
3226.3279445727485,0.5849281609195403,0.5910775862068965
3230.8314087759813,0.5910775862068965,0.5941522988505747
3235.3348729792147,0.5926149425287357,0.5972270114942528
3239.838337182448,0.5972270114942528,0.6018390804597701
3244.3418013856813,0.5987643678160919,0.6018390804597701
3248.8452655889146,0.5972270114942528,0.5987643678160919
3253.3487297921474,0.5941522988505747,0.5987643678160919
3257.852193995381,0.5895402298850574,0.5941522988505747
3262.3556581986145,0.5864655172413793,0.5895402298850574
3266.8591224018473,0.5787787356321838,0.5864655172413793
3271.3625866050807,0.5726293103448277,0.5787787356321838
3275.8660508083144,0.5680172413793103,0.5726293103448277
3280.3695150115473,0.5603304597701149,0.5680172413793103
3284.8729792147806,0.5541810344827587,0.5603304597701149
3289.376443418014,0.5449568965517241,0.5541810344827587
3293.879907621247,0.5372701149425287,0.5449568965517241
3298.3833718244805,0.5295833333333333,0.5372701149425287
3302.886836027714,0.5265086206896552,0.5295833333333333
3307.3903002309467,0.5172844827586206,0.5265086206896552
3311.8937644341804,0.5126724137931035,0.5172844827586206
3316.3972286374133,0.5065229885057471,0.5126724137931035
3320.9006928406466,0.4988362068965517,0.5065229885057471
3325.40415704388,0.49729885057471257,0.4988362068965517
3329.907621247113,0.4942241379310345,0.4988362068965517
3334.4110854503465,0.49268678160919543,0.4942241379310345
3338.91454965358,0.4880747126436782,0.49268678160919543
3343.4180138568126,0.4880747126436782,0.48961206896551723
3347.9214780600464,0.48961206896551723,0.49268678160919543
3352.4249422632797,0.4880747126436782,0.4911494252873563
3356.9284064665126,0.485,0.4880747126436782
3361.431870669746,0.4819252873563218,0.485
3365.935334872979,0.4819252873563218,0.48346264367816094
3370.4387990762125,0.47731321839080454,0.4819252873563218
3374.942263279446,0.47731321839080454,0.485
3379.445727482679,0.485,0.5019109195402299
3383.949191685912,0.5019109195402299,0.5495689655172413
3388.4526558891457,0.5495689655172413,0.6479597701149425
3392.9561200923786,0.6402729885057471,0.6617959770114943
3397.459584295612,0.49729885057471257,0.6402729885057471
3401.963048498845,0.4158189655172413,0.49729885057471257
3406.4665127020785,0.3835344827586207,0.4158189655172413
3410.969976905312,0.36662356321839085,0.3835344827586207
3415.473441108545,0.3589367816091954,0.36662356321839085
3419.976905311778,0.35124999999999995,0.3589367816091954
3424.4803695150117,0.34817528735632175,0.35124999999999995
3428.983833718245,0.3404885057471264,0.34817528735632175
3433.487297921478,0.3343390804597701,0.3404885057471264
3437.990762124711,0.3266522988505747,0.3343390804597701
3442.494226327945,0.3174281609195402,0.3266522988505747
3446.997690531178,0.3112787356321839,0.3174281609195402
3451.501154734411,0.30359195402298844,0.3112787356321839
3456.0046189376444,0.2989798850574713,0.30359195402298844
3460.5080831408777,0.2928304597701149,0.2989798850574713
3465.011547344111,0.2866810344827586,0.2928304597701149
3469.515011547344,0.2789942528735633,0.2866810344827586
3474.018475750577,0.26977011494252867,0.2789942528735633
3478.521939953811,0.2574712643678161,0.26977011494252867
3483.025404157044,0.24670977011494244,0.2574712643678161
3487.528868360277,0.2297988505747126,0.24670977011494244
3492.0323325635104,0.21596264367816098,0.2297988505747126
3496.5357967667437,0.20366379310344818,0.21596264367816098
3501.039260969977,0.1913649425287356,0.20366379310344818
3505.5427251732103,0.18060344827586206,0.1913649425287356
3510.046189376443,0.16984195402298852,0.18060344827586206
3514.5496535796765,0.16369252873563211,0.16984195402298852
3519.0531177829102,0.15446839080459762,0.16369252873563211
3523.556581986143,0.14524425287356324,0.15446839080459762
3528.0600461893764,0.14063218390804588,0.14524425287356324
3532.5635103926097,0.13294540229885055,0.14063218390804588
3537.066974595843,0.1252586206896552,0.13294540229885055
3541.5704387990763,0.1252586206896552,0.1283333333333333
3546.073903002309,0.11449712643678156,0.1252586206896552
3550.5773672055425,0.11142241379310336,0.11449712643678156
3555.0808314087762,0.10681034482758622,0.11142241379310336
3559.584295612009,0.10219827586206898,0.10681034482758622
3564.0877598152424,0.09912356321839078,0.10219827586206898
3568.5912240184757,0.09451149425287353,0.09912356321839078
3573.094688221709,0.08836206896551724,0.09451149425287353
3577.5981524249423,0.08374999999999999,0.08836206896551724
3582.1016166281756,0.07913793103448274,0.08374999999999999
3586.6050808314085,0.07606321839080454,0.07913793103448274
3591.1085450346422,0.0714511494252873,0.07606321839080454
3595.6120092378756,0.0683764367816091,0.0714511494252873
3600.1154734411084,0.065301724137931,0.0683764367816091
3604.6189376443417,0.06376436781609196,0.065301724137931
3609.1224018475755,0.06068965517241376,0.06376436781609196
3613.6258660508083,0.059152298850574714,0.06068965517241376
3618.1293302540416,0.05454022988505747,0.059152298850574714
3622.6327944572745,0.05300287356321831,0.05454022988505747
3627.1362586605082,0.051465517241379266,0.05300287356321831
3631.6397228637416,0.051465517241379266,0.05300287356321831
3636.1431870669744,0.04992816091954011,0.051465517241379266
3640.6466512702077,0.04685344827586213,0.04992816091954011
3645.150115473441,0.04685344827586213,0.04992816091954011
3654.1570438799076,0.04224137931034477,0.045316091954022975
3658.660508083141,0.03916666666666668,0.04224137931034477
3663.163972286374,0.03916666666666668,0.04070402298850573
3667.6674364896076,0.034554597701149325,0.03916666666666668
3672.170900692841,0.03301724137931028,0.03609195402298848
3676.6743648960737,0.028405172413793034,0.03301724137931028
3681.177829099307,0.028405172413793034,0.02994252873563208
3685.681293302541,0.025330459770114833,0.028405172413793034
3690.1847575057736,0.0237931034482759,0.025330459770114833
3694.688221709007,0.025330459770114833,0.02686781609195399
3699.19168591224,0.0237931034482759,0.025330459770114833
3703.6951501154736,0.022255747126436742,0.0237931034482759
3708.198614318707,0.020718390804597697,0.0237931034482759
3712.7020785219397,0.020718390804597697,0.022255747126436742
3717.205542725173,0.020718390804597697,0.022255747126436742
3721.709006928407,0.01918103448275854,0.020718390804597697
3726.2124711316396,0.017643678160919496,0.01918103448275854
3730.715935334873,0.017643678160919496,0.01918103448275854
3735.2193995381062,0.017643678160919496,0.01918103448275854
3739.7228637413396,0.017643678160919496,0.01918103448275854
3744.226327944573,0.017643678160919496,0.01918103448275854
3748.729792147806,0.01610632183908045,0.017643678160919496
3753.233256351039,0.01610632183908045,0.01918103448275854
3757.736720554273,0.01610632183908045,0.017643678160919496
3762.240184757506,0.017643678160919496,0.01918103448275854
3766.743648960739,0.01918103448275854,0.020718390804597697
3771.2471131639722,0.017643678160919496,0.020718390804597697
3775.7505773672056,0.01918103448275854,0.020718390804597697
3780.254041570439,0.020718390804597697,0.022255747126436742
3784.757505773672,0.017643678160919496,0.020718390804597697
3789.260969976905,0.01918103448275854,0.020718390804597697
3793.764434180139,0.020718390804597697,0.022255747126436742
3798.267898383372,0.020718390804597697,0.022255747126436742
3802.771362586605,0.01918103448275854,0.020718390804597697
3807.2748267898382,0.017643678160919496,0.01918103448275854
3811.7782909930716,0.01918103448275854,0.020718390804597697
3816.281755196305,0.017643678160919496,0.01918103448275854
3820.785219399538,0.017643678160919496,0.01918103448275854
3825.2886836027715,0.017643678160919496,0.020718390804597697
3829.7921478060043,0.01918103448275854,0.020718390804597697
3834.295612009238,0.01918103448275854,0.020718390804597697
3838.799076212471,0.01918103448275854,0.020718390804597697
3843.3025404157042,0.020718390804597697,0.0237931034482759
3847.8060046189375,0.020718390804597697,0.022255747126436742
3852.309468822171,0.01918103448275854,0.022255747126436742
3856.812933025404,0.017643678160919496,0.01918103448275854
3861.3163972286375,0.017643678160919496,0.020718390804597697
3865.8198614318703,0.01918103448275854,0.020718390804597697
3870.323325635104,0.020718390804597697,0.0237931034482759
3874.8267898383374,0.020718390804597697,0.022255747126436742
3879.3302540415702,0.020718390804597697,0.0237931034482759
3883.8337182448035,0.0237931034482759,0.025330459770114833
3888.3371824480373,0.022255747126436742,0.0237931034482759
3892.84064665127,0.020718390804597697,0.022255747126436742
3897.3441108545035,0.020718390804597697,0.022255747126436742
3901.847575057737,0.022255747126436742,0.0237931034482759
3906.35103926097,0.020718390804597697,0.022255747126436742
3910.8545034642034,0.020718390804597697,0.0237931034482759
3915.3579676674362,0.020718390804597697,0.022255747126436742
3919.8614318706695,0.020718390804597697,0.022255747126436742
3924.3648960739033,0.020718390804597697,0.022255747126436742
3928.868360277136,0.020718390804597697,0.022255747126436742
3933.3718244803695,0.020718390804597697,0.022255747126436742
3937.875288683603,0.01918103448275854,0.022255747126436742
3942.378752886836,0.017643678160919496,0.020718390804597697
3946.8822170900694,0.020718390804597697,0.022255747126436742
3951.3856812933027,0.022255747126436742,0.0237931034482759
3955.8891454965355,0.022255747126436742,0.0237931034482759
3960.392609699769,0.020718390804597697,0.0237931034482759
3964.8960739030026,0.020718390804597697,0.022255747126436742
3969.3995381062355,0.01918103448275854,0.022255747126436742
3973.903002309469,0.01918103448275854,0.020718390804597697
3978.406466512702,0.017643678160919496,0.01918103448275854
3982.9099307159354,0.01610632183908045,0.017643678160919496
3987.4133949191687,0.01610632183908045,0.017643678160919496
3991.9168591224015,0.01610632183908045,0.017643678160919496
3996.420323325635,0.017643678160919496,0.01918103448275854
4000.9237875288686,0.017643678160919496,0.01918103448275854
4005.4272517321015,0.017643678160919496,0.01918103448275854
4009.930715935335,0.017643678160919496,0.020718390804597697
4014.434180138568,0.017643678160919496,0.01918103448275854
4018.9376443418014,0.01918103448275854,0.020718390804597697
