380.1385681293302,0.005344827586206913,0.009956896551724048
384.64203233256353,0.009956896551724048,0.01610632183908045
389.1454965357968,0.008419540229885003,0.017643678160919496
393.64896073903003,0.017643678160919496,0.025330459770114833
398.1524249422633,0.025330459770114833,0.03762931034482753
402.65588914549653,0.03762931034482753,0.04377873563218393
407.1593533487298,0.04377873563218393,0.05454022988505747
411.66281755196303,0.05454022988505747,0.0714511494252873
416.16628175519634,0.0714511494252873,0.09297413793103437
420.66974595842953,0.09297413793103437,0.10066091954022982
425.17321016166284,0.06376436781609196,0.09451149425287353
429.6766743648961,0.05607758620689651,0.06376436781609196
434.18013856812934,0.059152298850574714,0.0745258620689655
438.6836027713626,0.0745258620689655,0.09451149425287353
443.18706697459584,0.09451149425287353,0.1129597701149424
447.69053117782914,0.1129597701149424,0.14063218390804588
452.19399538106234,0.14063218390804588,0.17137931034482756
456.69745958429564,0.17137931034482756,0.18367816091954015
461.2009237875289,0.10988505747126442,0.18060344827586206
465.7043879907621,0.009956896551724048,0.10988505747126442
470.20785219399534,0.0007327586206895553,0.017643678160919496
474.71131639722864,0.017643678160919496,0.059152298850574714
479.2147806004619,0.059152298850574714,0.09297413793103437
483.71824480369514,0.09297413793103437,0.11757183908045976
488.2217090069284,0.11757183908045976,0.13909482758620684
492.72517321016164,0.13909482758620684,0.1498563218390805
497.2286374133949,0.1498563218390805,0.15446839080459762
501.7321016166282,0.14831896551724133,0.15600574712643667
506.23556581986145,0.13602011494252864,0.14831896551724133
510.7390300230947,0.1129597701149424,0.13602011494252864
515.242494226328,0.09297413793103437,0.1129597701149424
519.7459584295611,0.06068965517241376,0.09297413793103437
524.2494226327944,0.05454022988505747,0.07606321839080454
528.7528868360278,0.07606321839080454,0.10373563218390802
533.2563510392611,0.10373563218390802,0.10681034482758622
537.7598152424941,0.10219827586206898,0.10681034482758622
542.2632794457274,0.09758620689655173,0.10219827586206898
546.7667436489608,0.10219827586206898,0.1160344827586206
551.2702078521941,0.10527298850574707,0.1160344827586206
555.7736720554273,0.09143678160919533,0.10527298850574707
560.2771362586604,0.07760057471264359,0.09143678160919533
564.7806004618938,0.07298850574712634,0.07760057471264359
569.2840646651271,0.0683764367816091,0.07298850574712634
573.7875288683603,0.06683908045977016,0.0683764367816091
578.2909930715936,0.06683908045977016,0.06991379310344814
582.7944572748268,0.06376436781609196,0.0683764367816091
587.2979214780601,0.05300287356321831,0.06376436781609196
591.8013856812934,0.04992816091954011,0.059152298850574714
596.3048498845266,0.059152298850574714,0.07760057471264359
600.8083140877598,0.07760057471264359,0.08067528735632179
605.3117782909931,0.08067528735632179,0.08374999999999999
609.8152424942264,0.08374999999999999,0.08682471264367819
614.3187066974596,0.08682471264367819,0.09297413793103437
618.8221709006928,0.09297413793103437,0.10066091954022982
623.3256351039261,0.10066091954022982,0.10681034482758622
627.8290993071594,0.10681034482758622,0.11449712643678156
632.3325635103927,0.11449712643678156,0.12372126436781605
636.8360277136259,0.12372126436781605,0.13602011494252864
641.3394919168591,0.13602011494252864,0.14831896551724133
645.8429561200924,0.14831896551724133,0.15754310344827582
650.3464203233257,0.15754310344827582,0.17291666666666672
654.8498845265589,0.17291666666666672,0.18982758620689655
659.3533487297922,0.18982758620689655,0.21135057471264362
663.8568129330254,0.21135057471264362,0.235948275862069
668.3602771362587,0.235948275862069,0.2666954022988506
672.863741339492,0.2666954022988506,0.3020545977011494
677.3672055427252,0.3020545977011494,0.34202586206896557
681.8706697459585,0.34202586206896557,0.3866091954022989
686.3741339491917,0.3866091954022989,0.4373419540229885
690.877598152425,0.4373419540229885,0.47116379310344825
695.3810623556583,0.46193965517241375,0.47423850574712634
699.8845265588914,0.391221264367816,0.46193965517241375
704.3879907621247,0.3374137931034482,0.391221264367816
708.891454965358,0.3374137931034482,0.4419540229885057
713.3949191685913,0.4419540229885057,0.6694827586206897
717.8983833718245,0.6279741379310345,0.6940804597701149
722.4018475750578,0.5126724137931035,0.6279741379310345
726.905311778291,0.5065229885057471,0.5941522988505747
731.4087759815242,0.5941522988505747,0.9984770114942529
735.9122401847575,0.809382183908046,1.001551724137931
740.4157043879907,0.5710919540229885,0.867801724137931
744.919168591224,0.2836063218390804,0.5710919540229885
749.4226327944573,0.21903735632183896,0.2836063218390804
753.9260969976905,0.2297988505747126,0.3404885057471264
758.4295612009238,0.3404885057471264,0.4004454022988506
762.933025404157,0.23441091954022986,0.3681609195402298
767.4364896073903,0.16676724137931032,0.23441091954022986
771.9399538106235,0.1252586206896552,0.16676724137931032
776.4434180138568,0.09758620689655173,0.1252586206896552
780.9468822170901,0.07606321839080454,0.09758620689655173
785.4503464203233,0.062227011494252915,0.07606321839080454
789.9538106235566,0.04992816091954011,0.062227011494252915
794.4572748267898,0.04377873563218393,0.04992816091954011
798.9607390300231,0.04070402298850573,0.04377873563218393
803.4642032332564,0.04070402298850573,0.04224137931034477
807.9676674364896,0.04070402298850573,0.04224137931034477
812.4711316397229,0.04070402298850573,0.04377873563218393
816.9745958429561,0.04377873563218393,0.05300287356321831
821.4780600461894,0.05300287356321831,0.06991379310344814
825.9815242494227,0.06991379310344814,0.10988505747126442
830.4849884526559,0.10988505747126442,0.20981321839080458
834.9884526558892,0.20981321839080458,0.3051293103448275
839.4919168591224,0.08374999999999999,0.2759195402298851
843.9953810623557,0.06991379310344814,0.08528735632183904
848.4988452655889,0.08528735632183904,0.19905172413793093
853.0023094688222,0.19905172413793093,0.30666666666666664
857.5057736720555,0.031479885057471235,0.235948275862069
862.0092378752887,0.0038074712643678676,0.031479885057471235
866.512702078522,0.0007327586206895553,0.0038074712643678676
871.0161662817552,0.0007327586206895553,0.0022701149425286005
875.5196304849884,0.0007327586206895553,0.0022701149425286005
880.0230946882217,0.0007327586206895553,0.0022701149425286005
884.5265588914549,0.0007327586206895553,0.0022701149425286005
889.0300230946882,0.0007327586206895553,0.005344827586206913
893.5334872979214,0.005344827586206913,0.008419540229885003
898.0369515011547,0.008419540229885003,0.01303160919540236
902.540415704388,0.01303160919540236,0.020718390804597697
907.0438799076212,0.020718390804597697,0.03301724137931028
911.5473441108545,0.03301724137931028,0.062227011494252915
916.0508083140877,0.062227011494252915,0.1314080459770115
920.554272517321,0.1314080459770115,0.40198275862068966
925.0577367205542,0.11449712643678156,0.4358045977011493
929.5612009237875,0.0022701149425286005,0.11449712643678156
934.0646651270208,0.0022701149425286005,0.011494252873563315
938.568129330254,0.011494252873563315,0.03609195402298848
943.0715935334873,0.03609195402298848,0.06683908045977016
947.5750577367205,0.06683908045977016,0.10988505747126442
952.0785219399538,0.10988505747126442,0.16369252873563211
956.5819861431871,0.16369252873563211,0.24056034482758615
961.0854503464203,0.24056034482758615,0.2728448275862069
965.5889145496536,0.2543965517241379,0.2713074712643678
970.0923787528868,0.2713074712643678,0.37892241379310343
974.5958429561201,0.37892241379310343,0.6264367816091954
979.0993071593533,0.6264367816091954,0.867801724137931
983.6027713625866,0.6279741379310345,0.849353448275862
988.1062355658199,0.6248994252873563,0.6910057471264368
992.6096997690531,0.3143534482758621,0.657183908045977
997.1131639722864,0.15446839080459762,0.3143534482758621
1001.6166281755196,0.08989942528735628,0.15446839080459762
1006.1200923787529,0.05607758620689651,0.08989942528735628
1010.6235565819862,0.03916666666666668,0.05607758620689651
1015.1270207852194,0.031479885057471235,0.03916666666666668
1019.6304849884527,0.031479885057471235,0.04070402298850573
1024.133949191686,0.04070402298850573,0.08221264367816095
1028.6374133949191,0.08221264367816095,0.20212643678160913
1033.1408775981524,0.045316091954022975,0.20058908045977009
1037.6443418013855,0.009956896551724048,0.045316091954022975
1042.1478060046188,0.008419540229885003,0.011494252873563315
1046.6512702078521,0.011494252873563315,0.01610632183908045
1051.1547344110854,0.01610632183908045,0.022255747126436742
1055.6581986143187,0.022255747126436742,0.028405172413793034
1060.161662817552,0.028405172413793034,0.034554597701149325
1064.6651270207853,0.034554597701149325,0.04224137931034477
1069.1685912240184,0.04224137931034477,0.048390804597701065
1073.6720554272517,0.048390804597701065,0.062227011494252915
1078.1755196304848,0.062227011494252915,0.08067528735632179
1082.6789838337181,0.08067528735632179,0.10681034482758622
1087.1824480369514,0.10681034482758622,0.13602011494252864
1091.6859122401847,0.13602011494252864,0.1759913793103447
1096.189376443418,0.1759913793103447,0.2789942528735633
1100.6928406466513,0.2789942528735633,0.4035201149425287
1105.1963048498847,0.08836206896551724,0.391221264367816
1109.6997690531177,0.006882183908045958,0.08836206896551724
1114.203233256351,0.0007327586206895553,0.006882183908045958
1118.7066974595843,0.005344827586206913,0.014568965517241184
1123.2101616628174,0.014568965517241184,0.0237931034482759
1127.7136258660507,0.0237931034482759,0.03301724137931028
1132.217090069284,0.03301724137931028,0.04992816091954011
1136.7205542725173,0.04992816091954011,0.10527298850574707
1141.2240184757507,0.06991379310344814,0.10681034482758622
1145.727482678984,0.07298850574712634,0.14524425287356324
1150.2309468822173,0.10066091954022982,0.17752873563218385
1154.7344110854503,0.08528735632183904,0.10066091954022982
1159.2378752886837,0.09143678160919533,0.11449712643678156
1163.741339491917,0.11449712643678156,0.15446839080459762
1168.24480369515,0.15446839080459762,0.20827586206896553
1172.7482678983833,0.20827586206896553,0.29436781609195406
1177.2517321016167,0.29436781609195406,0.34817528735632175
1181.75519630485,0.28206896551724125,0.36662356321839085
1186.258660508083,0.14370689655172408,0.28206896551724125
1190.7621247113166,0.13294540229885055,0.14370689655172408
1195.2655889145497,0.14370689655172408,0.19290229885057475
1199.7690531177827,0.19290229885057475,0.2759195402298851
1204.272517321016,0.2759195402298851,0.30666666666666664
1208.7759815242493,0.2482471264367816,0.3020545977011494
1213.2794457274827,0.20673850574712638,0.2482471264367816
1217.782909930716,0.19905172413793093,0.20673850574712638
1222.2863741339493,0.20366379310344818,0.2328735632183908
1226.7898383371826,0.2328735632183908,0.29744252873563215
1231.2933025404157,0.29744252873563215,0.37584770114942523
1235.796766743649,0.37584770114942523,0.4542528735632183
1240.3002309468823,0.4542528735632183,0.5341954022988505
1244.8036951501156,0.5341954022988505,0.5587931034482758
1249.3071593533487,0.5188218390804598,0.5434195402298851
1253.810623556582,0.5265086206896552,0.5895402298850574
1258.3140877598153,0.5526436781609195,0.6049137931034483
1262.8175519630483,0.3404885057471264,0.5526436781609195
1267.3210161662819,0.22364942528735632,0.3404885057471264
1271.824480369515,0.21596264367816098,0.2482471264367816
1276.3279445727483,0.2482471264367816,0.3866091954022989
1280.8314087759813,0.37892241379310343,0.4127442528735632
1285.3348729792149,0.24978448275862064,0.37892241379310343
1289.838337182448,0.16676724137931032,0.24978448275862064
1294.3418013856813,0.14063218390804588,0.16676724137931032
1298.8452655889146,0.1375574712643678,0.14063218390804588
1303.3487297921479,0.1375574712643678,0.14524425287356324
1307.852193995381,0.14524425287356324,0.21135057471264362
1312.3556581986143,0.20212643678160913,0.2482471264367816
1316.8591224018476,0.1314080459770115,0.20212643678160913
1321.3625866050809,0.11757183908045976,0.1314080459770115
1325.866050808314,0.11757183908045976,0.1191091954022988
1330.3695150115475,0.1191091954022988,0.12679597701149425
1334.8729792147806,0.12679597701149425,0.13602011494252864
1339.3764434180139,0.13602011494252864,0.14831896551724133
1343.879907621247,0.14831896551724133,0.16522988505747127
1348.3833718244805,0.16522988505747127,0.18675287356321835
1352.8868360277136,0.18675287356321835,0.20827586206896553
1357.3903002309469,0.20827586206896553,0.23441091954022986
1361.8937644341802,0.23441091954022986,0.2682327586206896
1366.3972286374135,0.2682327586206896,0.31896551724137934
1370.9006928406466,0.31896551724137934,0.372772988505747
1375.40415704388,0.372772988505747,0.4096695402298851
1379.9076212471132,0.4096695402298851,0.4219683908045977
1384.4110854503465,0.4158189655172413,0.42350574712643674
1388.9145496535796,0.3804597701149425,0.4158189655172413
1393.418013856813,0.3435632183908046,0.3804597701149425
1397.9214780600462,0.3374137931034482,0.35124999999999995
1402.4249422632795,0.35124999999999995,0.4004454022988506
1406.9284064665128,0.4004454022988506,0.42350574712643674
1411.4318706697459,0.391221264367816,0.4219683908045977
1415.9353348729792,0.3312643678160919,0.391221264367816
1420.4387990762123,0.2713074712643678,0.3312643678160919
1424.9422632794458,0.2328735632183908,0.2713074712643678
1429.4457274826789,0.22057471264367812,0.2328735632183908
1433.9491916859122,0.22211206896551716,0.25285919540229884
1438.4526558891455,0.25285919540229884,0.3435632183908046
1442.9561200923788,0.3435632183908046,0.503448275862069
1447.4595842956119,0.503448275862069,0.6940804597701149
1451.9630484988454,0.6940804597701149,0.7417385057471264
1456.4665127020785,0.48346264367816094,0.7063793103448276
1460.9699769053118,0.3143534482758621,0.48346264367816094
1465.4734411085449,0.2482471264367816,0.3143534482758621
1469.9769053117784,0.2482471264367816,0.3620114942528736
1474.4803695150115,0.352787356321839,0.41120689655172404
1478.9838337182448,0.23133620689655177,0.352787356321839
1483.487297921478,0.17445402298850576,0.23133620689655177
1487.9907621247114,0.12679597701149425,0.17445402298850576
1492.4942263279445,0.11142241379310336,0.12679597701149425
1496.9976905311778,0.10527298850574707,0.11142241379310336
1501.501154734411,0.09758620689655173,0.10527298850574707
1506.0046189376444,0.08221264367816095,0.09758620689655173
1510.5080831408775,0.05607758620689651,0.08221264367816095
1515.011547344111,0.04070402298850573,0.05607758620689651
1519.515011547344,0.02994252873563208,0.04070402298850573
1524.0184757505774,0.0237931034482759,0.02994252873563208
1528.5219399538107,0.01918103448275854,0.0237931034482759
1533.025404157044,0.017643678160919496,0.01918103448275854
1537.528868360277,0.017643678160919496,0.01918103448275854
1542.0323325635104,0.017643678160919496,0.01918103448275854
1546.5357967667437,0.017643678160919496,0.020718390804597697
1551.0392609699768,0.01918103448275854,0.0237931034482759
1555.54272517321,0.0237931034482759,0.028405172413793034
1560.0461893764434,0.028405172413793034,0.034554597701149325
1564.5496535796767,0.034554597701149325,0.04685344827586213
1569.0531177829098,0.04685344827586213,0.065301724137931
1573.556581986143,0.065301724137931,0.09912356321839078
1578.0600461893764,0.09912356321839078,0.14678160919540229
1582.5635103926097,0.14678160919540229,0.22057471264367812
1587.0669745958428,0.22057471264367812,0.3773850574712644
1591.5704387990763,0.25900862068965524,0.38507183908045983
1596.0739030023094,0.17291666666666672,0.25900862068965524
1600.5773672055427,0.17137931034482756,0.20212643678160913
1605.080831408776,0.20212643678160913,0.3143534482758621
1609.5842956120093,0.30051724137931035,0.352787356321839
1614.0877598152424,0.13909482758620684,0.30051724137931035
1618.5912240184757,0.0683764367816091,0.13909482758620684
1623.094688221709,0.04685344827586213,0.0683764367816091
1627.5981524249423,0.034554597701149325,0.04685344827586213
1632.1016166281754,0.022255747126436742,0.034554597701149325
1636.605080831409,0.01303160919540236,0.022255747126436742
1641.108545034642,0.008419540229885003,0.01303160919540236
1645.6120092378753,0.005344827586206913,0.008419540229885003
1650.1154734411084,0.005344827586206913,0.006882183908045958
1654.618937644342,0.0038074712643678676,0.006882183908045958
1659.122401847575,0.0022701149425286005,0.005344827586206913
1663.6258660508083,0.0007327586206895553,0.0022701149425286005
1668.1293302540416,0.0007327586206895553,0.0022701149425286005
1672.632794457275,0.0007327586206895553,0.0038074712643678676
1677.136258660508,0.0007327586206895553,0.0022701149425286005
1681.6397228637413,0.0022701149425286005,0.006882183908045958
1686.1431870669746,0.006882183908045958,0.01303160919540236
1690.646651270208,0.01303160919540236,0.022255747126436742
1695.150115473441,0.020718390804597697,0.0237931034482759
1699.6535796766743,0.017643678160919496,0.020718390804597697
1704.1570438799076,0.01610632183908045,0.017643678160919496
1708.6605080831407,0.01610632183908045,0.017643678160919496
1713.1639722863742,0.01303160919540236,0.01610632183908045
1717.6674364896073,0.01303160919540236,0.014568965517241184
1722.1709006928406,0.009956896551724048,0.01303160919540236
1726.6743648960737,0.009956896551724048,0.011494252873563315
1731.1778290993072,0.008419540229885003,0.009956896551724048
1735.6812933025403,0.005344827586206913,0.008419540229885003
1740.1847575057736,0.005344827586206913,0.006882183908045958
1744.688221709007,0.0022701149425286005,0.005344827586206913
1749.1916859122402,0.0007327586206895553,0.0022701149425286005
1753.6951501154733,0.0007327586206895553,0.0022701149425286005
1758.1986143187066,0.0007327586206895553,0.0022701149425286005
1762.70207852194,0.0007327586206895553,0.0022701149425286005
1767.2055427251732,0.0007327586206895553,0.0022701149425286005
1771.7090069284063,0.0007327586206895553,0.0022701149425286005
1776.2124711316399,0.0007327586206895553,0.009956896551724048
1780.715935334873,0.009956896551724048,0.020718390804597697
1785.2193995381062,0.008419540229885003,0.017643678160919496
1789.7228637413396,0.006882183908045958,0.009956896551724048
1794.2263279445729,0.0007327586206895553,0.006882183908045958
1798.729792147806,0.0038074712643678676,0.014568965517241184
1803.2332563510392,0.011494252873563315,0.01610632183908045
1807.7367205542726,0.005344827586206913,0.011494252873563315
1812.2401847575059,0.0007327586206895553,0.005344827586206913
1816.743648960739,0.0007327586206895553,0.0022701149425286005
1821.2471131639725,0.0022701149425286005,0.005344827586206913
1825.7505773672056,0.0038074712643678676,0.005344827586206913
1830.2540415704389,0.0038074712643678676,0.005344827586206913
1834.757505773672,0.0038074712643678676,0.005344827586206913
1839.2609699769055,0.0038074712643678676,0.005344827586206913
1843.7644341801386,0.0038074712643678676,0.005344827586206913
1848.2678983833719,0.0007327586206895553,0.0038074712643678676
1852.7713625866052,0.0007327586206895553,0.0022701149425286005
1857.2748267898382,0.0007327586206895553,0.0022701149425286005
1861.7782909930716,0.0022701149425286005,0.005344827586206913
1866.2817551963049,0.0038074712643678676,0.005344827586206913
1870.7852193995382,0.005344827586206913,0.009956896551724048
1875.2886836027712,0.009956896551724048,0.01610632183908045
1879.7921478060046,0.0038074712643678676,0.014568965517241184
1884.2956120092379,0.0007327586206895553,0.0038074712643678676
1888.7990762124712,0.0007327586206895553,0.0022701149425286005
1893.3025404157042,0.0022701149425286005,0.006882183908045958
1897.8060046189378,0.006882183908045958,0.028405172413793034
1902.3094688221709,0.028405172413793034,0.03916666666666668
1906.8129330254042,0.017643678160919496,0.03301724137931028
1911.3163972286372,0.014568965517241184,0.017643678160919496
1915.8198614318708,0.017643678160919496,0.01918103448275854
1920.3233256351039,0.008419540229885003,0.017643678160919496
1924.8267898383372,0.0038074712643678676,0.008419540229885003
1929.3302540415705,0.0007327586206895553,0.0038074712643678676
1933.8337182448038,0.0038074712643678676,0.008419540229885003
1938.3371824480369,0.008419540229885003,0.017643678160919496
1942.8406466512704,0.017643678160919496,0.025330459770114833
1947.3441108545035,0.005344827586206913,0.020718390804597697
1951.8475750577368,0.0007327586206895553,0.005344827586206913
1956.3510392609699,0.0007327586206895553,0.0022701149425286005
1960.8545034642034,0.0022701149425286005,0.005344827586206913
1965.3579676674365,0.0038074712643678676,0.005344827586206913
1969.8614318706698,0.0038074712643678676,0.005344827586206913
1974.364896073903,0.005344827586206913,0.011494252873563315
1978.8683602771364,0.011494252873563315,0.017643678160919496
1983.3718244803695,0.008419540229885003,0.017643678160919496
1987.8752886836028,0.0038074712643678676,0.008419540229885003
1992.378752886836,0.0007327586206895553,0.0038074712643678676
1996.8822170900694,0.0007327586206895553,0.0022701149425286005
2001.3856812933025,0.0007327586206895553,0.0022701149425286005
2005.8891454965358,0.0007327586206895553,0.0022701149425286005
2010.392609699769,0.0007327586206895553,0.0022701149425286005
2014.8960739030022,0.0007327586206895553,0.0022701149425286005
2019.3995381062355,0.0007327586206895553,0.0022701149425286005
2023.9030023094688,0.0007327586206895553,0.0022701149425286005
2028.406466512702,0.0007327586206895553,0.0022701149425286005
2032.9099307159352,0.0007327586206895553,0.0022701149425286005
2037.4133949191687,0.0007327586206895553,0.0022701149425286005
2041.9168591224018,0.0007327586206895553,0.0022701149425286005
2046.420323325635,0.0007327586206895553,0.0022701149425286005
2050.923787528868,0.0007327586206895553,0.0022701149425286005
2055.4272517321015,0.0007327586206895553,0.0022701149425286005
2059.930715935335,0.0007327586206895553,0.0022701149425286005
2064.434180138568,0.0007327586206895553,0.0022701149425286005
2068.9376443418014,0.0007327586206895553,0.0022701149425286005
2073.4411085450347,0.0007327586206895553,0.0022701149425286005
2077.944572748268,0.0007327586206895553,0.0022701149425286005
2082.4480369515013,0.0007327586206895553,0.0022701149425286005
2086.9515011547346,0.0007327586206895553,0.0022701149425286005
2091.454965357968,0.0007327586206895553,0.0022701149425286005
2095.958429561201,0.0007327586206895553,0.0022701149425286005
2100.4618937644345,0.0007327586206895553,0.0022701149425286005
2104.9653579676674,0.0022701149425286005,0.0038074712643678676
2109.4688221709007,0.0038074712643678676,0.005344827586206913
2113.972286374134,0.0038074712643678676,0.005344827586206913
2118.4757505773673,0.0022701149425286005,0.0038074712643678676
2122.9792147806,0.0007327586206895553,0.0022701149425286005
2127.482678983834,0.0007327586206895553,0.0022701149425286005
2131.986143187067,0.0007327586206895553,0.0022701149425286005
2136.4896073903,0.0007327586206895553,0.0022701149425286005
2140.9930715935334,0.0007327586206895553,0.0022701149425286005
2145.4965357967667,-0.0008045977011494898,0.0007327586206895553
2150.0,-0.0008045977011494898,0.0007327586206895553
2154.5034642032333,0.0007327586206895553,0.0022701149425286005
2159.0069284064666,0.0007327586206895553,0.0022701149425286005
2163.5103926097,0.0007327586206895553,0.0022701149425286005
2168.013856812933,0.0007327586206895553,0.0022701149425286005
2172.517321016166,0.0007327586206895553,0.0022701149425286005
2177.0207852194,0.0007327586206895553,0.0022701149425286005
2181.524249422633,0.0007327586206895553,0.0022701149425286005
2186.027713625866,0.0022701149425286005,0.0038074712643678676
2190.5311778290993,0.0022701149425286005,0.005344827586206913
2195.034642032332,0.0007327586206895553,0.0022701149425286005
2199.5381062355655,0.0007327586206895553,0.0022701149425286005
2204.041570438799,0.0007327586206895553,0.0022701149425286005
2208.545034642032,0.0007327586206895553,0.0022701149425286005
2213.0484988452654,0.0007327586206895553,0.0022701149425286005
2217.5519630484987,0.0007327586206895553,0.0022701149425286005
2222.055427251732,0.0007327586206895553,0.0022701149425286005
2226.5588914549653,0.0007327586206895553,0.0038074712643678676
2231.0623556581986,0.0038074712643678676,0.005344827586206913
2235.565819861432,0.0038074712643678676,0.005344827586206913
2240.069284064665,0.0022701149425286005,0.0038074712643678676
2244.5727482678985,0.0007327586206895553,0.0022701149425286005
2249.0762124711314,0.0007327586206895553,0.0022701149425286005
2253.579676674365,0.0007327586206895553,0.0022701149425286005
2258.0831408775985,0.0007327586206895553,0.0022701149425286005
2262.5866050808313,0.0022701149425286005,0.0038074712643678676
2267.0900692840646,0.0038074712643678676,0.005344827586206913
2271.593533487298,0.0022701149425286005,0.0038074712643678676
2276.096997690531,0.0007327586206895553,0.0022701149425286005
2280.6004618937645,0.0007327586206895553,0.0022701149425286005
2285.1039260969974,0.0007327586206895553,0.0022701149425286005
2289.607390300231,0.0007327586206895553,0.0022701149425286005
2294.1108545034645,0.0007327586206895553,0.0022701149425286005
2298.6143187066973,0.0007327586206895553,0.0022701149425286005
2303.1177829099306,0.0007327586206895553,0.0022701149425286005
2307.621247113164,0.0022701149425286005,0.0038074712643678676
2312.124711316397,0.0007327586206895553,0.0038074712643678676
2316.6281755196305,0.0022701149425286005,0.0038074712643678676
2321.131639722864,0.0007327586206895553,0.0022701149425286005
2325.6351039260967,0.0007327586206895553,0.0022701149425286005
2330.1385681293305,0.0007327586206895553,0.0022701149425286005
2334.6420323325638,0.0007327586206895553,0.0022701149425286005
2339.1454965357966,-0.0008045977011494898,0.0022701149425286005
2343.64896073903,-0.0008045977011494898,0.0007327586206895553
2348.152424942263,-0.0008045977011494898,0.0022701149425286005
2352.6558891454965,0.0007327586206895553,0.0022701149425286005
2357.15935334873,0.0022701149425286005,0.0038074712643678676
2361.6628175519627,0.0038074712643678676,0.008419540229885003
2366.1662817551965,0.006882183908045958,0.009956896551724048
2370.6697459584298,0.005344827586206913,0.008419540229885003
2375.1732101616626,0.0038074712643678676,0.005344827586206913
2379.676674364896,0.0022701149425286005,0.0038074712643678676
2384.1801385681297,0.0007327586206895553,0.0022701149425286005
2388.6836027713625,0.0007327586206895553,0.0022701149425286005
2393.187066974596,0.0007327586206895553,0.0022701149425286005
2397.690531177829,0.0007327586206895553,0.0022701149425286005
2402.1939953810625,0.0007327586206895553,0.0022701149425286005
2406.6974595842958,0.0007327586206895553,0.0022701149425286005
2411.200923787529,0.0007327586206895553,0.0022701149425286005
2415.704387990762,-0.0008045977011494898,0.0007327586206895553
2420.2078521939957,-0.002341954022988535,-0.0008045977011494898
2424.7113163972285,-0.002341954022988535,-0.0008045977011494898
2429.214780600462,-0.0008045977011494898,0.0007327586206895553
2433.718244803695,-0.0008045977011494898,0.0022701149425286005
2438.2217090069284,0.0007327586206895553,0.0022701149425286005
2442.7251732101618,0.0022701149425286005,0.0038074712643678676
2447.228637413395,0.0022701149425286005,0.0038074712643678676
2451.732101616628,0.0007327586206895553,0.0022701149425286005
2456.235565819861,0.0022701149425286005,0.0038074712643678676
2460.739030023095,0.0038074712643678676,0.005344827586206913
2465.242494226328,0.0022701149425286005,0.0038074712643678676
2469.745958429561,0.0007327586206895553,0.0022701149425286005
2474.2494226327944,0.0007327586206895553,0.0022701149425286005
2478.7528868360278,0.0007327586206895553,0.0022701149425286005
2483.256351039261,0.0022701149425286005,0.006882183908045958
2487.759815242494,0.006882183908045958,0.008419540229885003
2492.263279445727,0.008419540229885003,0.014568965517241184
2496.766743648961,0.014568965517241184,0.017643678160919496
2501.270207852194,0.017643678160919496,0.01918103448275854
2505.773672055427,0.017643678160919496,0.01918103448275854
2510.2771362586604,0.017643678160919496,0.01918103448275854
2514.7806004618938,0.014568965517241184,0.017643678160919496
2519.284064665127,0.009956896551724048,0.014568965517241184
2523.7875288683604,0.005344827586206913,0.009956896551724048
2528.290993071593,0.0022701149425286005,0.005344827586206913
2532.794457274827,0.0007327586206895553,0.0022701149425286005
2537.2979214780603,0.0007327586206895553,0.0022701149425286005
2541.801385681293,0.0007327586206895553,0.0022701149425286005
2546.3048498845264,0.0007327586206895553,0.0022701149425286005
2550.80831408776,0.0007327586206895553,0.0022701149425286005
2555.311778290993,0.0007327586206895553,0.0038074712643678676
2559.8152424942264,0.0038074712643678676,0.006882183908045958
2564.318706697459,0.006882183908045958,0.009956896551724048
2568.822170900693,0.009956896551724048,0.01610632183908045
2573.3256351039263,0.01610632183908045,0.022255747126436742
2577.829099307159,0.022255747126436742,0.02686781609195399
2582.3325635103924,0.0237931034482759,0.02686781609195399
2586.836027713626,0.014568965517241184,0.022255747126436742
2591.339491916859,0.006882183908045958,0.014568965517241184
2595.8429561200924,0.0007327586206895553,0.006882183908045958
2600.3464203233257,-0.0008045977011494898,0.0007327586206895553
2604.849884526559,-0.0008045977011494898,0.0007327586206895553
2609.3533487297923,0.0007327586206895553,0.006882183908045958
2613.8568129330256,0.006882183908045958,0.014568965517241184
2618.3602771362584,0.014568965517241184,0.0237931034482759
2622.8637413394918,0.0237931034482759,0.034554597701149325
2627.3672055427255,0.034554597701149325,0.04070402298850573
2631.8706697459584,0.04070402298850573,0.04377873563218393
2636.3741339491917,0.04070402298850573,0.04377873563218393
2640.8775981524245,0.034554597701149325,0.04070402298850573
2645.3810623556583,0.02686781609195399,0.034554597701149325
2649.8845265588916,0.022255747126436742,0.02686781609195399
2654.3879907621244,0.014568965517241184,0.022255747126436742
2658.8914549653578,0.009956896551724048,0.014568965517241184
2663.3949191685915,0.005344827586206913,0.009956896551724048
2667.8983833718244,0.0022701149425286005,0.005344827586206913
2672.4018475750577,0.0007327586206895553,0.0022701149425286005
2676.905311778291,0.0007327586206895553,0.0022701149425286005
2681.4087759815243,0.0022701149425286005,0.0038074712643678676
2685.9122401847576,0.0038074712643678676,0.006882183908045958
2690.415704387991,0.006882183908045958,0.011494252873563315
2694.9191685912238,0.011494252873563315,0.020718390804597697
2699.4226327944575,0.020718390804597697,0.028405172413793034
2703.926096997691,0.028405172413793034,0.03609195402298848
2708.4295612009237,0.03609195402298848,0.04070402298850573
2712.933025404157,0.04070402298850573,0.04377873563218393
2717.4364896073903,0.04070402298850573,0.04224137931034477
2721.9399538106236,0.03916666666666668,0.04070402298850573
2726.443418013857,0.04070402298850573,0.04377873563218393
2730.9468822170898,0.04377873563218393,0.048390804597701065
2735.4503464203235,0.048390804597701065,0.05607758620689651
2739.953810623557,0.05607758620689651,0.06376436781609196
2744.4572748267897,0.06376436781609196,0.07760057471264359
2748.960739030023,0.07760057471264359,0.09297413793103437
2753.4642032332563,0.09297413793103437,0.10834770114942527
2757.9676674364896,0.10834770114942527,0.1191091954022988
2762.471131639723,0.1191091954022988,0.12372126436781605
2766.974595842956,0.12064655172413785,0.12372126436781605
2771.478060046189,0.11449712643678156,0.12064655172413785
2775.981524249423,0.10988505747126442,0.11449712643678156
2780.484988452656,0.10527298850574707,0.10988505747126442
2784.988452655889,0.10219827586206898,0.10527298850574707
2789.4919168591223,0.10066091954022982,0.10219827586206898
2793.9953810623556,0.09758620689655173,0.10066091954022982
2798.498845265589,0.09604885057471257,0.09758620689655173
2803.002309468822,0.09604885057471257,0.09912356321839078
2807.505773672055,0.09912356321839078,0.10219827586206898
2812.009237875289,0.10219827586206898,0.10681034482758622
2816.512702078522,0.10681034482758622,0.11142241379310336
2821.016166281755,0.11142241379310336,0.11449712643678156
2825.5196304849883,0.11449712643678156,0.1160344827586206
2830.023094688222,0.1160344827586206,0.11757183908045976
2834.526558891455,0.11757183908045976,0.12064655172413785
2839.030023094688,0.12064655172413785,0.12679597701149425
2843.5334872979215,0.12679597701149425,0.13294540229885055
2848.036951501155,0.13294540229885055,0.14370689655172408
2852.540415704388,0.14370689655172408,0.1498563218390805
2857.0438799076214,0.1498563218390805,0.15446839080459762
2861.5473441108543,0.15446839080459762,0.15754310344827582
2866.050808314088,0.15754310344827582,0.15908045977011487
2870.554272517321,0.15908045977011487,0.16369252873563211
2875.057736720554,0.16369252873563211,0.17291666666666672
2879.5612009237875,0.17291666666666672,0.1821408045977011
2884.064665127021,0.1821408045977011,0.19597701149425295
2888.568129330254,0.19597701149425295,0.21288793103448278
2893.0715935334874,0.21288793103448278,0.2297988505747126
2897.5750577367203,0.2297988505747126,0.2482471264367816
2902.0785219399536,0.2482471264367816,0.2605459770114942
2906.5819861431874,0.2605459770114942,0.26977011494252867
2911.08545034642,0.2651580459770114,0.2728448275862069
2915.5889145496535,0.24670977011494244,0.2651580459770114
2920.092378752887,0.22057471264367812,0.24670977011494244
2924.59584295612,0.20520114942528733,0.22057471264367812
2929.0993071593534,0.19905172413793093,0.20520114942528733
2933.6027713625867,0.20058908045977009,0.20673850574712638
2938.1062355658196,0.20673850574712638,0.21750000000000003
2942.6096997690533,0.21750000000000003,0.22826149425287356
2947.113163972286,0.22826149425287356,0.2328735632183908
2951.6166281755195,0.2328735632183908,0.2420977011494252
2956.120092378753,0.2420977011494252,0.2636206896551724
2960.623556581986,0.2636206896551724,0.2897557471264367
2965.1270207852194,0.2897557471264367,0.29744252873563215
2969.6304849884527,0.2959051724137931,0.3051293103448275
2974.1339491916856,0.3051293103448275,0.3174281609195402
2978.6374133949193,0.3020545977011494,0.3174281609195402
2983.1408775981527,0.2836063218390804,0.3020545977011494
2987.6443418013855,0.2789942528735633,0.2836063218390804
2992.147806004619,0.2805316091954023,0.2836063218390804
2996.6512702078526,0.2836063218390804,0.28821839080459766
3001.1547344110854,0.28821839080459766,0.2897557471264367
3005.6581986143187,0.2866810344827586,0.2897557471264367
3010.161662817552,0.2866810344827586,0.28821839080459766
3014.6651270207853,0.28821839080459766,0.29436781609195406
3019.1685912240187,0.29436781609195406,0.3020545977011494
3023.6720554272515,0.3020545977011494,0.3112787356321839
3028.175519630485,0.3112787356321839,0.3174281609195402
3032.6789838337186,0.31589080459770114,0.31896551724137934
3037.1824480369514,0.31589080459770114,0.3174281609195402
3041.6859122401847,0.3174281609195402,0.3266522988505747
3046.189376443418,0.3266522988505747,0.33895114942528737
3050.6928406466513,0.33895114942528737,0.34817528735632175
3055.1963048498847,0.34817528735632175,0.36047413793103444
3059.699769053118,0.36047413793103444,0.371235632183908
3064.203233256351,0.36662356321839085,0.372772988505747
3068.706697459584,0.36662356321839085,0.3743103448275862
3073.210161662818,0.3743103448275862,0.3835344827586207
3077.7136258660507,0.3835344827586207,0.3866091954022989
3082.217090069284,0.38507183908045983,0.38968390804597697
3086.7205542725173,0.38968390804597697,0.4035201149425287
3091.2240184757507,0.4035201149425287,0.41428160919540225
3095.727482678984,0.41428160919540225,0.42658045977011494
3100.230946882217,0.42658045977011494,0.44349137931034477
3104.73441108545,0.44349137931034477,0.4604022988505747
3109.237875288684,0.4604022988505747,0.4788505747126436
3113.7413394919167,0.4788505747126436,0.4942241379310345
3118.24480369515,0.4942241379310345,0.5126724137931035
3122.7482678983833,0.5126724137931035,0.5280459770114942
3127.2517321016167,0.5280459770114942,0.5464942528735632
3131.75519630485,0.5464942528735632,0.5680172413793103
3136.2586605080833,0.5680172413793103,0.5880028735632183
3140.762124711316,0.5880028735632183,0.5956896551724138
3145.26558891455,0.5956896551724138,0.6049137931034483
3149.769053117783,0.6049137931034483,0.6264367816091954
3154.272517321016,0.6264367816091954,0.6510344827586206
3158.7759815242493,0.6510344827586206,0.6725574712643678
3163.2794457274827,0.6725574712643678,0.6879310344827586
3167.782909930716,0.6879310344827586,0.6971551724137931
3172.2863741339493,0.6971551724137931,0.7002298850574713
3176.789838337182,0.6956178160919539,0.7002298850574713
3181.293302540416,0.6894683908045978,0.6956178160919539
3185.796766743649,0.6787068965517241,0.6894683908045978
3190.300230946882,0.6633333333333333,0.6787068965517241
3194.8036951501153,0.6464224137931034,0.6633333333333333
3199.3071593533487,0.6264367816091954,0.6464224137931034
3203.810623556582,0.6079885057471265,0.6264367816091954
3208.3140877598153,0.5895402298850574,0.6079885057471265
3212.8175519630486,0.5664798850574713,0.5895402298850574
3217.3210161662814,0.5464942528735632,0.5664798850574713
3221.824480369515,0.5326580459770115,0.5464942528735632
3226.3279445727485,0.524971264367816,0.5326580459770115
3230.8314087759813,0.5126724137931035,0.524971264367816
3235.3348729792147,0.5003735632183908,0.5126724137931035
3239.838337182448,0.49268678160919543,0.5003735632183908
3244.3418013856813,0.48961206896551723,0.49268678160919543
3248.8452655889146,0.48038793103448274,0.48961206896551723
3253.3487297921474,0.46808908045977016,0.48038793103448274
3257.852193995381,0.4573275862068965,0.46808908045977016
3262.3556581986145,0.4481034482758621,0.4573275862068965
3266.8591224018473,0.4388793103448275,0.4481034482758621
3271.3625866050807,0.4281178160919541,0.4388793103448275
3275.8660508083144,0.4158189655172413,0.4281178160919541
3280.3695150115473,0.40813218390804595,0.4158189655172413
3284.8729792147806,0.4004454022988506,0.40813218390804595
3289.376443418014,0.391221264367816,0.4004454022988506
3293.879907621247,0.38507183908045983,0.391221264367816
3298.3833718244805,0.3804597701149425,0.38507183908045983
3302.886836027714,0.37584770114942523,0.3804597701149425
3307.3903002309467,0.372772988505747,0.37584770114942523
3311.8937644341804,0.3681609195402298,0.372772988505747
3316.3972286374133,0.3650862068965518,0.3681609195402298
3320.9006928406466,0.36354885057471265,0.36662356321839085
3325.40415704388,0.36354885057471265,0.3650862068965518
3329.907621247113,0.3620114942528736,0.36354885057471265
3334.4110854503465,0.3589367816091954,0.3620114942528736
3338.91454965358,0.3589367816091954,0.36047413793103444
3343.4180138568126,0.35739942528735635,0.36047413793103444
3347.9214780600464,0.35739942528735635,0.3589367816091954
3352.4249422632797,0.3558620689655172,0.3589367816091954
3356.9284064665126,0.3558620689655172,0.35739942528735635
3361.431870669746,0.35432471264367815,0.3558620689655172
3365.935334872979,0.35432471264367815,0.35739942528735635
3370.4387990762125,0.35739942528735635,0.3589367816091954
3374.942263279446,0.3589367816091954,0.36354885057471265
3379.445727482679,0.36354885057471265,0.36969827586206894
3383.949191685912,0.36969827586206894,0.37584770114942523
3388.4526558891457,0.37584770114942523,0.38507183908045983
3392.9561200923786,0.38507183908045983,0.39583333333333326
3397.459584295612,0.39583333333333326,0.40505747126436786
3401.963048498845,0.40505747126436786,0.4127442528735632
3406.4665127020785,0.4127442528735632,0.4219683908045977
3410.969976905312,0.4219683908045977,0.43272988505747123
3415.473441108545,0.43272988505747123,0.44656609195402297
3419.976905311778,0.44656609195402297,0.46808908045977016
3424.4803695150117,0.46808908045977016,0.4942241379310345
3428.983833718245,0.4942241379310345,0.5188218390804598
3433.487297921478,0.5188218390804598,0.5434195402298851
3437.990762124711,0.5434195402298851,0.561867816091954
3442.494226327945,0.561867816091954,0.5741666666666667
3446.997690531178,0.5741666666666667,0.5787787356321838
3451.501154734411,0.5787787356321838,0.581853448275862
3456.0046189376444,0.581853448275862,0.5880028735632183
3460.5080831408777,0.5880028735632183,0.5926149425287357
3465.011547344111,0.5895402298850574,0.5941522988505747
3469.515011547344,0.5772413793103448,0.5895402298850574
3474.018475750577,0.5587931034482758,0.5772413793103448
3478.521939953811,0.5326580459770115,0.5587931034482758
3483.025404157044,0.503448275862069,0.5326580459770115
3487.528868360277,0.47423850574712634,0.503448275862069
3492.0323325635104,0.4481034482758621,0.47423850574712634
3496.5357967667437,0.42350574712643674,0.4481034482758621
3501.039260969977,0.3973706896551724,0.42350574712643674
3505.5427251732103,0.3743103448275862,0.3973706896551724
3510.046189376443,0.35432471264367815,0.3743103448275862
3514.5496535796765,0.33280172413793097,0.35432471264367815
3519.0531177829102,0.3112787356321839,0.33280172413793097
3523.556581986143,0.2897557471264367,0.3112787356321839
3528.0600461893764,0.2651580459770114,0.2897557471264367
3532.5635103926097,0.239022988505747,0.2651580459770114
3537.066974595843,0.21288793103448278,0.239022988505747
3541.5704387990763,0.18675287356321835,0.21288793103448278
3546.073903002309,0.16369252873563211,0.18675287356321835
3550.5773672055425,0.14063218390804588,0.16369252873563211
3555.0808314087762,0.1191091954022988,0.14063218390804588
3559.584295612009,0.10066091954022982,0.1191091954022988
3564.0877598152424,0.08374999999999999,0.10066091954022982
3568.5912240184757,0.0683764367816091,0.08374999999999999
3573.094688221709,0.05454022988505747,0.0683764367816091
3577.5981524249423,0.04377873563218393,0.05454022988505747
3582.1016166281756,0.034554597701149325,0.04377873563218393
3586.6050808314085,0.025330459770114833,0.034554597701149325
3591.1085450346422,0.017643678160919496,0.025330459770114833
3595.6120092378756,0.01303160919540236,0.017643678160919496
3600.1154734411084,0.008419540229885003,0.01303160919540236
3604.6189376443417,0.006882183908045958,0.008419540229885003
3609.1224018475755,0.0038074712643678676,0.005344827586206913
3613.6258660508083,0.0022701149425286005,0.005344827586206913
3618.1293302540416,0.0007327586206895553,0.0038074712643678676
3622.6327944572745,0.0038074712643678676,0.005344827586206913
3627.1362586605082,0.0022701149425286005,0.0038074712643678676
3631.6397228637416,0.0022701149425286005,0.0038074712643678676
3636.1431870669744,0.0007327586206895553,0.0038074712643678676
3640.6466512702077,0.0007327586206895553,0.0022701149425286005
3645.150115473441,0.0007327586206895553,0.0022701149425286005
3649.6535796766743,0.0007327586206895553,0.0022701149425286005
3654.1570438799076,0.0007327586206895553,0.0022701149425286005
3658.660508083141,0.0007327586206895553,0.0022701149425286005
3663.163972286374,0.0007327586206895553,0.0022701149425286005
3667.6674364896076,0.0007327586206895553,0.0022701149425286005
3672.170900692841,0.0007327586206895553,0.0022701149425286005
3676.6743648960737,0.0007327586206895553,0.0038074712643678676
3681.177829099307,0.0038074712643678676,0.005344827586206913
3685.681293302541,0.0022701149425286005,0.0038074712643678676
3690.1847575057736,0.0022701149425286005,0.0038074712643678676
3694.688221709007,0.0038074712643678676,0.005344827586206913
3699.19168591224,0.0038074712643678676,0.005344827586206913
3703.6951501154736,0.0022701149425286005,0.0038074712643678676
3708.198614318707,0.0007327586206895553,0.0022701149425286005
3712.7020785219397,0.0007327586206895553,0.0022701149425286005
3717.205542725173,0.0007327586206895553,0.0022701149425286005
3721.709006928407,0.0022701149425286005,0.0038074712643678676
3726.2124711316396,0.0022701149425286005,0.005344827586206913
3730.715935334873,0.0007327586206895553,0.0022701149425286005
3735.2193995381062,0.0007327586206895553,0.0022701149425286005
3739.7228637413396,0.0007327586206895553,0.0022701149425286005
3744.226327944573,0.0022701149425286005,0.0038074712643678676
3748.729792147806,0.0038074712643678676,0.005344827586206913
3753.233256351039,0.0038074712643678676,0.005344827586206913
3757.736720554273,0.0022701149425286005,0.005344827586206913
3762.240184757506,0.0007327586206895553,0.0022701149425286005
3766.743648960739,0.0007327586206895553,0.0022701149425286005
3771.2471131639722,0.0007327586206895553,0.0022701149425286005
3775.7505773672056,0.0022701149425286005,0.005344827586206913
3780.254041570439,0.0007327586206895553,0.0038074712643678676
3784.757505773672,0.0007327586206895553,0.0022701149425286005
3789.260969976905,0.0007327586206895553,0.0022701149425286005
3793.764434180139,0.0007327586206895553,0.0022701149425286005
3798.267898383372,0.0007327586206895553,0.0022701149425286005
3802.771362586605,0.0007327586206895553,0.0022701149425286005
3807.2748267898382,0.0007327586206895553,0.0022701149425286005
3811.7782909930716,0.0007327586206895553,0.0022701149425286005
3816.281755196305,0.0007327586206895553,0.0022701149425286005
3820.785219399538,0.0007327586206895553,0.0022701149425286005
3825.2886836027715,0.0007327586206895553,0.0022701149425286005
3829.7921478060043,0.0007327586206895553,0.0022701149425286005
3834.295612009238,0.0007327586206895553,0.0022701149425286005
3838.799076212471,0.0007327586206895553,0.0022701149425286005
3843.3025404157042,0.0007327586206895553,0.0022701149425286005
3847.8060046189375,0.0007327586206895553,0.0022701149425286005
3852.309468822171,0.0007327586206895553,0.0022701149425286005
3856.812933025404,0.0007327586206895553,0.0022701149425286005
3861.3163972286375,0.0007327586206895553,0.0022701149425286005
3865.8198614318703,0.0007327586206895553,0.0022701149425286005
3870.323325635104,0.0007327586206895553,0.0022701149425286005
3874.8267898383374,0.0007327586206895553,0.0022701149425286005
3879.3302540415702,0.0022701149425286005,0.005344827586206913
3883.8337182448035,0.0038074712643678676,0.006882183908045958
3888.3371824480373,0.0022701149425286005,0.005344827586206913
3892.84064665127,0.0038074712643678676,0.005344827586206913
3897.3441108545035,0.0007327586206895553,0.0038074712643678676
3901.847575057737,0.0022701149425286005,0.005344827586206913
3906.35103926097,0.0022701149425286005,0.005344827586206913
3910.8545034642034,0.0007327586206895553,0.0038074712643678676
3915.3579676674362,0.0022701149425286005,0.0038074712643678676
3919.8614318706695,0.0022701149425286005,0.005344827586206913
3924.3648960739033,0.0022701149425286005,0.005344827586206913
3928.868360277136,0.0007327586206895553,0.0038074712643678676
3933.3718244803695,0.0022701149425286005,0.005344827586206913
3937.875288683603,0.0022701149425286005,0.005344827586206913
3942.378752886836,0.0007327586206895553,0.0022701149425286005
3946.8822170900694,0.0007327586206895553,0.0022701149425286005
3951.3856812933027,0.0007327586206895553,0.0022701149425286005
3955.8891454965355,0.0007327586206895553,0.0022701149425286005
3960.392609699769,-0.002341954022988535,0.0007327586206895553
3964.8960739030026,-0.002341954022988535,0.0007327586206895553
3969.3995381062355,0.0007327586206895553,0.0038074712643678676
3973.903002309469,0.0038074712643678676,0.005344827586206913
3978.406466512702,0.0038074712643678676,0.005344827586206913
3982.9099307159354,0.0038074712643678676,0.005344827586206913
3987.4133949191687,0.0038074712643678676,0.006882183908045958
3991.9168591224015,0.0038074712643678676,0.005344827586206913
3996.420323325635,0.0038074712643678676,0.005344827586206913
4000.9237875288686,0.0038074712643678676,0.006882183908045958
4005.4272517321015,0.005344827586206913,0.008419540229885003
4009.930715935335,0.0038074712643678676,0.005344827586206913
4014.434180138568,0.005344827586206913,0.006882183908045958
4018.9376443418014,0.006882183908045958,0.009956896551724048
