380.1385681293302,0.1314080459770115,0.15139367816091953
384.64203233256353,0.11449712643678156,0.1314080459770115
389.1454965357968,0.09912356321839078,0.11449712643678156
393.64896073903003,0.09297413793103437,0.09912356321839078
398.1524249422633,0.08067528735632179,0.09297413793103437
402.65588914549653,0.06991379310344814,0.08067528735632179
407.1593533487298,0.06376436781609196,0.06991379310344814
411.66281755196303,0.05454022988505747,0.06376436781609196
416.16628175519634,0.048390804597701065,0.05454022988505747
420.66974595842953,0.04224137931034477,0.048390804597701065
425.17321016166284,0.03609195402298848,0.04224137931034477
429.6766743648961,0.034554597701149325,0.03609195402298848
434.18013856812934,0.031479885057471235,0.03609195402298848
438.6836027713626,0.02686781609195399,0.031479885057471235
443.18706697459584,0.025330459770114833,0.02686781609195399
447.69053117782914,0.020718390804597697,0.025330459770114833
452.19399538106234,0.01918103448275854,0.020718390804597697
456.69745958429564,0.01610632183908045,0.01918103448275854
461.2009237875289,0.01610632183908045,0.01918103448275854
465.7043879907621,0.01610632183908045,0.017643678160919496
470.20785219399534,0.01610632183908045,0.017643678160919496
474.71131639722864,0.01610632183908045,0.017643678160919496
479.2147806004619,0.01303160919540236,0.01610632183908045
483.71824480369514,0.01303160919540236,0.014568965517241184
488.2217090069284,0.01303160919540236,0.014568965517241184
492.72517321016164,0.01303160919540236,0.014568965517241184
497.2286374133949,0.01303160919540236,0.01610632183908045
501.7321016166282,0.014568965517241184,0.01610632183908045
506.23556581986145,0.01610632183908045,0.017643678160919496
510.7390300230947,0.01610632183908045,0.01918103448275854
515.242494226328,0.009956896551724048,0.01610632183908045
519.7459584295611,0.0038074712643678676,0.009956896551724048
524.2494226327944,0.0007327586206895553,0.0038074712643678676
528.7528868360278,0.0007327586206895553,0.0022701149425286005
533.2563510392611,0.0007327586206895553,0.0022701149425286005
537.7598152424941,-0.0008045977011494898,0.0007327586206895553
542.2632794457274,-0.0008045977011494898,0.0007327586206895553
546.7667436489608,-0.0008045977011494898,0.0007327586206895553
551.2702078521941,-0.0008045977011494898,0.0007327586206895553
555.7736720554273,-0.0008045977011494898,0.0007327586206895553
560.2771362586604,-0.0008045977011494898,0.0007327586206895553
564.7806004618938,-0.0008045977011494898,0.0007327586206895553
569.2840646651271,-0.0008045977011494898,0.0007327586206895553
573.7875288683603,-0.002341954022988535,-0.0008045977011494898
578.2909930715936,-0.0008045977011494898,0.0007327586206895553
582.7944572748268,-0.0008045977011494898,0.0007327586206895553
587.2979214780601,0.0007327586206895553,0.0038074712643678676
591.8013856812934,0.0022701149425286005,0.0038074712643678676
596.3048498845266,0.0007327586206895553,0.0022701149425286005
600.8083140877598,0.0007327586206895553,0.0022701149425286005
609.8152424942264,0.0007327586206895553,0.0022701149425286005
614.3187066974596,0.0007327586206895553,0.0022701149425286005
618.8221709006928,0.0007327586206895553,0.0038074712643678676
623.3256351039261,0.0022701149425286005,0.0038074712643678676
627.8290993071594,0.0022701149425286005,0.0038074712643678676
632.3325635103927,0.0038074712643678676,0.006882183908045958
636.8360277136259,0.006882183908045958,0.014568965517241184
641.3394919168591,0.014568965517241184,0.028405172413793034
645.8429561200924,0.02686781609195399,0.02994252873563208
650.3464203233257,0.02994252873563208,0.10219827586206898
654.8498845265589,0.10219827586206898,0.20981321839080458
659.3533487297922,0.20981321839080458,0.2620833333333332
663.8568129330254,0.10681034482758622,0.2636206896551724
668.3602771362587,0.065301724137931,0.10681034482758622
672.863741339492,0.06683908045977016,0.10681034482758622
677.3672055427252,0.10681034482758622,0.31896551724137934
681.8706697459585,0.31896551724137934,0.6771695402298851
686.3741339491917,0.5142097701149425,0.6787068965517241
690.877598152425,0.2989798850574713,0.5142097701149425
695.3810623556583,0.1129597701149424,0.2989798850574713
699.8845265588914,0.048390804597701065,0.1129597701149424
704.3879907621247,0.028405172413793034,0.048390804597701065
708.891454965358,0.01918103448275854,0.028405172413793034
713.3949191685913,0.01610632183908045,0.01918103448275854
717.8983833718245,0.014568965517241184,0.01610632183908045
722.4018475750578,0.01303160919540236,0.01610632183908045
726.905311778291,0.011494252873563315,0.01303160919540236
731.4087759815242,0.009956896551724048,0.011494252873563315
735.9122401847575,0.008419540229885003,0.009956896551724048
740.4157043879907,0.008419540229885003,0.009956896551724048
744.919168591224,0.006882183908045958,0.008419540229885003
749.4226327944573,0.006882183908045958,0.008419540229885003
753.9260969976905,0.006882183908045958,0.008419540229885003
758.4295612009238,0.006882183908045958,0.009956896551724048
762.933025404157,0.009956896551724048,0.01918103448275854
767.4364896073903,0.01918103448275854,0.062227011494252915
771.9399538106235,0.062227011494252915,0.2267241379310344
776.4434180138568,0.16369252873563211,0.24670977011494244
780.9468822170901,0.04685344827586213,0.16369252873563211
785.4503464203233,0.020718390804597697,0.04685344827586213
789.9538106235566,0.014568965517241184,0.020718390804597697
794.4572748267898,0.01303160919540236,0.014568965517241184
798.9607390300231,0.011494252873563315,0.01303160919540236
803.4642032332564,0.009956896551724048,0.011494252873563315
807.9676674364896,0.009956896551724048,0.01303160919540236
812.4711316397229,0.01303160919540236,0.01918103448275854
816.9745958429561,0.01918103448275854,0.028405172413793034
821.4780600461894,0.028405172413793034,0.03762931034482753
825.9815242494227,0.03762931034482753,0.06991379310344814
830.4849884526559,0.06991379310344814,0.235948275862069
834.9884526558892,0.20366379310344818,0.3051293103448275
839.4919168591224,0.051465517241379266,0.20366379310344818
843.9953810623557,0.0237931034482759,0.051465517241379266
848.4988452655889,0.014568965517241184,0.0237931034482759
853.0023094688222,0.011494252873563315,0.014568965517241184
857.5057736720555,0.008419540229885003,0.011494252873563315
862.0092378752887,0.008419540229885003,0.009956896551724048
866.512702078522,0.008419540229885003,0.009956896551724048
871.0161662817552,0.006882183908045958,0.008419540229885003
875.5196304849884,0.006882183908045958,0.008419540229885003
880.0230946882217,0.005344827586206913,0.006882183908045958
884.5265588914549,0.005344827586206913,0.006882183908045958
889.0300230946882,0.005344827586206913,0.006882183908045958
893.5334872979214,0.006882183908045958,0.008419540229885003
898.0369515011547,0.005344827586206913,0.006882183908045958
902.540415704388,0.006882183908045958,0.009956896551724048
907.0438799076212,0.009956896551724048,0.01610632183908045
911.5473441108545,0.01610632183908045,0.03301724137931028
916.0508083140877,0.03301724137931028,0.05300287356321831
920.554272517321,0.03916666666666668,0.05300287356321831
925.0577367205542,0.020718390804597697,0.03916666666666668
929.5612009237875,0.011494252873563315,0.020718390804597697
934.0646651270208,0.008419540229885003,0.011494252873563315
938.568129330254,0.008419540229885003,0.009956896551724048
943.0715935334873,0.008419540229885003,0.009956896551724048
947.5750577367205,0.009956896551724048,0.011494252873563315
952.0785219399538,0.011494252873563315,0.014568965517241184
956.5819861431871,0.014568965517241184,0.01610632183908045
961.0854503464203,0.01610632183908045,0.017643678160919496
965.5889145496536,0.014568965517241184,0.01610632183908045
970.0923787528868,0.01303160919540236,0.014568965517241184
974.5958429561201,0.011494252873563315,0.01303160919540236
979.0993071593533,0.01303160919540236,0.014568965517241184
983.6027713625866,0.014568965517241184,0.022255747126436742
988.1062355658199,0.020718390804597697,0.028405172413793034
992.6096997690531,0.01610632183908045,0.020718390804597697
997.1131639722864,0.01610632183908045,0.022255747126436742
1001.6166281755196,0.022255747126436742,0.06991379310344814
1006.1200923787529,0.062227011494252915,0.09604885057471257
1010.6235565819862,0.01918103448275854,0.062227011494252915
1015.1270207852194,0.01303160919540236,0.01918103448275854
1019.6304849884527,0.011494252873563315,0.01303160919540236
1024.133949191686,0.009956896551724048,0.011494252873563315
1028.6374133949191,0.009956896551724048,0.011494252873563315
1033.1408775981524,0.011494252873563315,0.01303160919540236
1037.6443418013855,0.011494252873563315,0.017643678160919496
1042.1478060046188,0.017643678160919496,0.02686781609195399
1046.6512702078521,0.02686781609195399,0.04685344827586213
1051.1547344110854,0.04685344827586213,0.09451149425287353
1055.6581986143187,0.07913793103448274,0.10373563218390802
1060.161662817552,0.04224137931034477,0.07913793103448274
1064.6651270207853,0.02994252873563208,0.04224137931034477
1069.1685912240184,0.028405172413793034,0.031479885057471235
1073.6720554272517,0.031479885057471235,0.045316091954022975
1078.1755196304848,0.045316091954022975,0.062227011494252915
1082.6789838337181,0.05300287356321831,0.06068965517241376
1087.1824480369514,0.05300287356321831,0.07760057471264359
1091.6859122401847,0.07760057471264359,0.10834770114942527
1096.189376443418,0.06683908045977016,0.10834770114942527
1100.6928406466513,0.034554597701149325,0.06683908045977016
1105.1963048498847,0.0237931034482759,0.034554597701149325
1109.6997690531177,0.022255747126436742,0.0237931034482759
1114.203233256351,0.020718390804597697,0.022255747126436742
1118.7066974595843,0.017643678160919496,0.020718390804597697
1123.2101616628174,0.01610632183908045,0.017643678160919496
1127.7136258660507,0.01610632183908045,0.017643678160919496
1132.217090069284,0.01610632183908045,0.017643678160919496
1136.7205542725173,0.01610632183908045,0.01918103448275854
1141.2240184757507,0.01918103448275854,0.025330459770114833
1145.727482678984,0.025330459770114833,0.03762931034482753
1150.2309468822173,0.034554597701149325,0.03916666666666668
1154.7344110854503,0.03301724137931028,0.04070402298850573
1159.2378752886837,0.04070402298850573,0.051465517241379266
1163.741339491917,0.03301724137931028,0.051465517241379266
1168.24480369515,0.020718390804597697,0.03301724137931028
1172.7482678983833,0.014568965517241184,0.020718390804597697
1177.2517321016167,0.01303160919540236,0.014568965517241184
1181.75519630485,0.01303160919540236,0.014568965517241184
1186.258660508083,0.011494252873563315,0.01303160919540236
1190.7621247113166,0.009956896551724048,0.011494252873563315
1195.2655889145497,0.009956896551724048,0.011494252873563315
1199.7690531177827,0.008419540229885003,0.009956896551724048
1204.272517321016,0.009956896551724048,0.011494252873563315
1208.7759815242493,0.009956896551724048,0.011494252873563315
1213.2794457274827,0.009956896551724048,0.011494252873563315
1217.782909930716,0.009956896551724048,0.011494252873563315
1222.2863741339493,0.011494252873563315,0.014568965517241184
1226.7898383371826,0.014568965517241184,0.01918103448275854
1231.2933025404157,0.01918103448275854,0.02686781609195399
1235.796766743649,0.02686781609195399,0.028405172413793034
1240.3002309468823,0.0237931034482759,0.02686781609195399
1244.8036951501156,0.022255747126436742,0.0237931034482759
1249.3071593533487,0.020718390804597697,0.022255747126436742
1253.810623556582,0.01918103448275854,0.020718390804597697
1258.3140877598153,0.017643678160919496,0.01918103448275854
1262.8175519630483,0.017643678160919496,0.01918103448275854
1267.3210161662819,0.01610632183908045,0.017643678160919496
1271.824480369515,0.01610632183908045,0.017643678160919496
1276.3279445727483,0.017643678160919496,0.01918103448275854
1280.8314087759813,0.01918103448275854,0.025330459770114833
1285.3348729792149,0.025330459770114833,0.03609195402298848
1289.838337182448,0.03609195402298848,0.06068965517241376
1294.3418013856813,0.06068965517241376,0.08836206896551724
1298.8452655889146,0.07606321839080454,0.08836206896551724
1303.3487297921479,0.08836206896551724,0.15446839080459762
1307.852193995381,0.07298850574712634,0.1498563218390805
1312.3556581986143,0.06376436781609196,0.07298850574712634
1316.8591224018476,0.06376436781609196,0.07760057471264359
1321.3625866050809,0.07760057471264359,0.12987068965517246
1325.866050808314,0.12987068965517246,0.2713074712643678
1330.3695150115475,0.2713074712643678,0.7171408045977011
1334.8729792147806,0.7171408045977011,1.000014367816092
1339.3764434180139,0.7171408045977011,0.9954022988505747
1343.879907621247,0.3466379310344827,0.7171408045977011
1348.3833718244805,0.20673850574712638,0.3466379310344827
1352.8868360277136,0.14678160919540229,0.20673850574712638
1357.3903002309469,0.07913793103448274,0.14678160919540229
1361.8937644341802,0.065301724137931,0.07913793103448274
1366.3972286374135,0.06376436781609196,0.06683908045977016
1370.9006928406466,0.06376436781609196,0.06683908045977016
1375.40415704388,0.04992816091954011,0.06376436781609196
1379.9076212471132,0.034554597701149325,0.04992816091954011
1384.4110854503465,0.02686781609195399,0.034554597701149325
1388.9145496535796,0.025330459770114833,0.02686781609195399
1393.418013856813,0.02686781609195399,0.028405172413793034
1397.9214780600462,0.028405172413793034,0.031479885057471235
1402.4249422632795,0.031479885057471235,0.03301724137931028
1406.9284064665128,0.028405172413793034,0.03301724137931028
1411.4318706697459,0.022255747126436742,0.028405172413793034
1415.9353348729792,0.01918103448275854,0.022255747126436742
1420.4387990762123,0.01918103448275854,0.020718390804597697
1424.9422632794458,0.01918103448275854,0.022255747126436742
1429.4457274826789,0.020718390804597697,0.022255747126436742
1433.9491916859122,0.022255747126436742,0.02686781609195399
1438.4526558891455,0.02686781609195399,0.03301724137931028
1442.9561200923788,0.03301724137931028,0.04377873563218393
1447.4595842956119,0.04377873563218393,0.045316091954022975
1451.9630484988454,0.04377873563218393,0.04992816091954011
1456.4665127020785,0.04992816091954011,0.062227011494252915
1460.9699769053118,0.062227011494252915,0.09143678160919533
1465.4734411085449,0.09143678160919533,0.17291666666666672
1469.9769053117784,0.10373563218390802,0.18675287356321835
1474.4803695150115,0.05454022988505747,0.10373563218390802
1478.9838337182448,0.05300287356321831,0.05761494252873556
1483.487297921478,0.05761494252873556,0.07298850574712634
1487.9907621247114,0.07298850574712634,0.08836206896551724
1492.4942263279445,0.08836206896551724,0.11142241379310336
1496.9976905311778,0.11142241379310336,0.17291666666666672
1501.501154734411,0.17291666666666672,0.32204022988505754
1506.0046189376444,0.32204022988505754,0.6648706896551724
1510.5080831408775,0.6648706896551724,0.9677298850574713
1515.011547344111,0.9462068965517242,0.9938649425287357
1519.515011547344,0.7555747126436781,0.9462068965517242
1524.0184757505774,0.46808908045977016,0.7555747126436781
1528.5219399538107,0.25593390804597704,0.46808908045977016
1533.025404157044,0.15446839080459762,0.25593390804597704
1537.528868360277,0.10834770114942527,0.15446839080459762
1542.0323325635104,0.08528735632183904,0.10834770114942527
1546.5357967667437,0.0714511494252873,0.08528735632183904
1551.0392609699768,0.062227011494252915,0.0714511494252873
1555.54272517321,0.05607758620689651,0.062227011494252915
1560.0461893764434,0.05300287356321831,0.05607758620689651
1564.5496535796767,0.051465517241379266,0.05300287356321831
1569.0531177829098,0.051465517241379266,0.05300287356321831
1573.556581986143,0.05300287356321831,0.065301724137931
1578.0600461893764,0.065301724137931,0.08836206896551724
1582.5635103926097,0.06683908045977016,0.08836206896551724
1587.0669745958428,0.062227011494252915,0.06683908045977016
1591.5704387990763,0.06683908045977016,0.09912356321839078
1596.0739030023094,0.09912356321839078,0.14370689655172408
1600.5773672055427,0.08374999999999999,0.14370689655172408
1605.080831408776,0.06683908045977016,0.08374999999999999
1609.5842956120093,0.06991379310344814,0.10527298850574707
1614.0877598152424,0.05607758620689651,0.10527298850574707
1618.5912240184757,0.028405172413793034,0.05607758620689651
1623.094688221709,0.0237931034482759,0.028405172413793034
1627.5981524249423,0.020718390804597697,0.0237931034482759
1632.1016166281754,0.01918103448275854,0.020718390804597697
1636.605080831409,0.017643678160919496,0.01918103448275854
1641.108545034642,0.014568965517241184,0.017643678160919496
1645.6120092378753,0.01303160919540236,0.01610632183908045
1650.1154734411084,0.009956896551724048,0.01303160919540236
1654.618937644342,0.009956896551724048,0.011494252873563315
1659.122401847575,0.008419540229885003,0.009956896551724048
1663.6258660508083,0.008419540229885003,0.009956896551724048
1668.1293302540416,0.008419540229885003,0.009956896551724048
1672.632794457275,0.008419540229885003,0.009956896551724048
1677.136258660508,0.009956896551724048,0.011494252873563315
1681.6397228637413,0.008419540229885003,0.009956896551724048
1686.1431870669746,0.006882183908045958,0.008419540229885003
1690.646651270208,0.008419540229885003,0.009956896551724048
1695.150115473441,0.008419540229885003,0.009956896551724048
1699.6535796766743,0.008419540229885003,0.009956896551724048
1704.1570438799076,0.006882183908045958,0.008419540229885003
1708.6605080831407,0.008419540229885003,0.009956896551724048
1713.1639722863742,0.008419540229885003,0.009956896551724048
1717.6674364896073,0.009956896551724048,0.011494252873563315
1722.1709006928406,0.011494252873563315,0.01303160919540236
1726.6743648960737,0.01303160919540236,0.014568965517241184
1731.1778290993072,0.01303160919540236,0.014568965517241184
1735.6812933025403,0.01303160919540236,0.014568965517241184
1740.1847575057736,0.009956896551724048,0.01303160919540236
1744.688221709007,0.008419540229885003,0.009956896551724048
1749.1916859122402,0.008419540229885003,0.009956896551724048
1753.6951501154733,0.009956896551724048,0.01303160919540236
1758.1986143187066,0.01303160919540236,0.014568965517241184
1762.70207852194,0.014568965517241184,0.017643678160919496
1767.2055427251732,0.01610632183908045,0.017643678160919496
1771.7090069284063,0.01303160919540236,0.01610632183908045
1776.2124711316399,0.011494252873563315,0.01303160919540236
1780.715935334873,0.009956896551724048,0.011494252873563315
1785.2193995381062,0.011494252873563315,0.01303160919540236
1789.7228637413396,0.011494252873563315,0.01303160919540236
1794.2263279445729,0.011494252873563315,0.01303160919540236
1798.729792147806,0.01303160919540236,0.014568965517241184
1803.2332563510392,0.014568965517241184,0.01610632183908045
1807.7367205542726,0.01303160919540236,0.014568965517241184
1812.2401847575059,0.009956896551724048,0.01303160919540236
1816.743648960739,0.008419540229885003,0.009956896551724048
1821.2471131639725,0.006882183908045958,0.008419540229885003
1825.7505773672056,0.005344827586206913,0.006882183908045958
1830.2540415704389,0.005344827586206913,0.006882183908045958
1834.757505773672,0.005344827586206913,0.006882183908045958
1839.2609699769055,0.005344827586206913,0.006882183908045958
1843.7644341801386,0.0038074712643678676,0.005344827586206913
1848.2678983833719,0.0038074712643678676,0.005344827586206913
1852.7713625866052,0.0022701149425286005,0.0038074712643678676
1857.2748267898382,0.0022701149425286005,0.0038074712643678676
1861.7782909930716,0.0022701149425286005,0.0038074712643678676
1866.2817551963049,0.0038074712643678676,0.005344827586206913
1870.7852193995382,0.0038074712643678676,0.005344827586206913
1875.2886836027712,0.0038074712643678676,0.005344827586206913
1879.7921478060046,0.0038074712643678676,0.005344827586206913
1884.2956120092379,0.0038074712643678676,0.005344827586206913
1888.7990762124712,0.005344827586206913,0.006882183908045958
1893.3025404157042,0.006882183908045958,0.009956896551724048
1897.8060046189378,0.009956896551724048,0.01303160919540236
1902.3094688221709,0.01303160919540236,0.014568965517241184
1906.8129330254042,0.01303160919540236,0.014568965517241184
1911.3163972286372,0.011494252873563315,0.01303160919540236
1915.8198614318708,0.009956896551724048,0.011494252873563315
1920.3233256351039,0.009956896551724048,0.011494252873563315
1924.8267898383372,0.008419540229885003,0.009956896551724048
1929.3302540415705,0.008419540229885003,0.009956896551724048
1933.8337182448038,0.006882183908045958,0.008419540229885003
1938.3371824480369,0.005344827586206913,0.006882183908045958
1942.8406466512704,0.005344827586206913,0.006882183908045958
1947.3441108545035,0.005344827586206913,0.006882183908045958
1951.8475750577368,0.006882183908045958,0.009956896551724048
1956.3510392609699,0.009956896551724048,0.011494252873563315
1960.8545034642034,0.011494252873563315,0.01303160919540236
1965.3579676674365,0.01303160919540236,0.014568965517241184
1969.8614318706698,0.011494252873563315,0.01303160919540236
1974.364896073903,0.011494252873563315,0.01303160919540236
1978.8683602771364,0.009956896551724048,0.011494252873563315
1983.3718244803695,0.009956896551724048,0.011494252873563315
1987.8752886836028,0.009956896551724048,0.011494252873563315
1992.378752886836,0.008419540229885003,0.009956896551724048
1996.8822170900694,0.006882183908045958,0.008419540229885003
2001.3856812933025,0.005344827586206913,0.006882183908045958
2005.8891454965358,0.005344827586206913,0.006882183908045958
2010.392609699769,0.0038074712643678676,0.006882183908045958
2014.8960739030022,0.0038074712643678676,0.005344827586206913
2019.3995381062355,0.0038074712643678676,0.005344827586206913
2023.9030023094688,0.0038074712643678676,0.005344827586206913
2028.406466512702,0.0038074712643678676,0.005344827586206913
2032.9099307159352,0.0022701149425286005,0.0038074712643678676
2037.4133949191687,0.0022701149425286005,0.0038074712643678676
2041.9168591224018,0.0022701149425286005,0.0038074712643678676
2046.420323325635,0.0022701149425286005,0.0038074712643678676
2050.923787528868,0.0022701149425286005,0.0038074712643678676
2055.4272517321015,0.0007327586206895553,0.0022701149425286005
2059.930715935335,0.0007327586206895553,0.0022701149425286005
2064.434180138568,0.0007327586206895553,0.0022701149425286005
2068.9376443418014,0.0007327586206895553,0.0022701149425286005
2073.4411085450347,0.0007327586206895553,0.0022701149425286005
2077.944572748268,0.0007327586206895553,0.0022701149425286005
2082.4480369515013,0.0007327586206895553,0.0022701149425286005
2086.9515011547346,0.0007327586206895553,0.0022701149425286005
2091.454965357968,0.0007327586206895553,0.0022701149425286005
2095.958429561201,0.0007327586206895553,0.0022701149425286005
2100.4618937644345,0.0007327586206895553,0.0022701149425286005
2104.9653579676674,0.0007327586206895553,0.0022701149425286005
2109.4688221709007,0.0007327586206895553,0.0022701149425286005
2113.972286374134,0.0022701149425286005,0.0038074712643678676
2118.4757505773673,0.0007327586206895553,0.0022701149425286005
2122.9792147806,0.0007327586206895553,0.0022701149425286005
2127.482678983834,0.0007327586206895553,0.0022701149425286005
2131.986143187067,0.0007327586206895553,0.0022701149425286005
2136.4896073903,0.0007327586206895553,0.0022701149425286005
2140.9930715935334,0.0022701149425286005,0.0038074712643678676
2145.4965357967667,0.0007327586206895553,0.0022701149425286005
2150.0,0.0007327586206895553,0.0022701149425286005
2154.5034642032333,0.0022701149425286005,0.0038074712643678676
2159.0069284064666,0.0022701149425286005,0.0038074712643678676
2163.5103926097,0.0022701149425286005,0.0038074712643678676
2168.013856812933,0.0022701149425286005,0.0038074712643678676
2172.517321016166,0.0022701149425286005,0.0038074712643678676
2177.0207852194,0.0022701149425286005,0.0038074712643678676
2181.524249422633,0.0022701149425286005,0.0038074712643678676
2186.027713625866,0.0022701149425286005,0.0038074712643678676
2190.5311778290993,0.0038074712643678676,0.005344827586206913
2195.034642032332,0.0038074712643678676,0.005344827586206913
2199.5381062355655,0.0038074712643678676,0.005344827586206913
2204.041570438799,0.0038074712643678676,0.005344827586206913
2208.545034642032,0.0038074712643678676,0.005344827586206913
2213.0484988452654,0.0038074712643678676,0.005344827586206913
2217.5519630484987,0.0038074712643678676,0.005344827586206913
2222.055427251732,0.0022701149425286005,0.0038074712643678676
2226.5588914549653,0.0022701149425286005,0.0038074712643678676
2231.0623556581986,0.0022701149425286005,0.0038074712643678676
2235.565819861432,0.0022701149425286005,0.0038074712643678676
2240.069284064665,0.0022701149425286005,0.0038074712643678676
2244.5727482678985,0.0022701149425286005,0.0038074712643678676
2249.0762124711314,0.0022701149425286005,0.0038074712643678676
2253.579676674365,0.0022701149425286005,0.0038074712643678676
2258.0831408775985,0.0022701149425286005,0.0038074712643678676
2262.5866050808313,0.0022701149425286005,0.0038074712643678676
2267.0900692840646,0.0038074712643678676,0.005344827586206913
2271.593533487298,0.0038074712643678676,0.005344827586206913
2276.096997690531,0.0022701149425286005,0.0038074712643678676
2280.6004618937645,0.0022701149425286005,0.0038074712643678676
2285.1039260969974,0.0022701149425286005,0.0038074712643678676
2289.607390300231,0.0007327586206895553,0.0022701149425286005
2298.6143187066973,0.0007327586206895553,0.0022701149425286005
2303.1177829099306,0.0007327586206895553,0.0022701149425286005
2307.621247113164,-0.0008045977011494898,0.0007327586206895553
2312.124711316397,-0.0008045977011494898,0.0007327586206895553
2316.6281755196305,-0.0008045977011494898,0.0007327586206895553
2321.131639722864,-0.0008045977011494898,0.0007327586206895553
2325.6351039260967,-0.0008045977011494898,0.0007327586206895553
2330.1385681293305,-0.0008045977011494898,0.0007327586206895553
2334.6420323325638,-0.0008045977011494898,0.0007327586206895553
2339.1454965357966,-0.0008045977011494898,0.0007327586206895553
2343.64896073903,-0.0008045977011494898,0.0007327586206895553
2348.152424942263,-0.0008045977011494898,0.0007327586206895553
2352.6558891454965,-0.0008045977011494898,0.0007327586206895553
2357.15935334873,-0.0008045977011494898,0.0007327586206895553
2361.6628175519627,-0.0008045977011494898,0.0007327586206895553
2366.1662817551965,-0.0008045977011494898,0.0007327586206895553
2370.6697459584298,0.0007327586206895553,0.0022701149425286005
2375.1732101616626,0.0007327586206895553,0.0022701149425286005
2379.676674364896,0.0007327586206895553,0.0022701149425286005
2384.1801385681297,0.0022701149425286005,0.0038074712643678676
2388.6836027713625,0.0022701149425286005,0.0038074712643678676
2393.187066974596,0.0007327586206895553,0.0022701149425286005
2397.690531177829,0.0007327586206895553,0.0022701149425286005
2402.1939953810625,0.0022701149425286005,0.0038074712643678676
2406.6974595842958,0.0022701149425286005,0.0038074712643678676
2411.200923787529,0.0022701149425286005,0.0038074712643678676
2415.704387990762,0.0022701149425286005,0.0038074712643678676
2420.2078521939957,0.0038074712643678676,0.005344827586206913
2424.7113163972285,0.0038074712643678676,0.005344827586206913
2429.214780600462,0.0038074712643678676,0.005344827586206913
2433.718244803695,0.0038074712643678676,0.005344827586206913
2438.2217090069284,0.0038074712643678676,0.005344827586206913
2442.7251732101618,0.005344827586206913,0.008419540229885003
2447.228637413395,0.008419540229885003,0.01303160919540236
2451.732101616628,0.01303160919540236,0.01610632183908045
2456.235565819861,0.01303160919540236,0.01610632183908045
2460.739030023095,0.009956896551724048,0.01303160919540236
2465.242494226328,0.006882183908045958,0.009956896551724048
2469.745958429561,0.005344827586206913,0.006882183908045958
2474.2494226327944,0.0038074712643678676,0.005344827586206913
2478.7528868360278,0.0038074712643678676,0.005344827586206913
2483.256351039261,0.0022701149425286005,0.0038074712643678676
2487.759815242494,0.0022701149425286005,0.0038074712643678676
2492.263279445727,0.0022701149425286005,0.0038074712643678676
2496.766743648961,0.0022701149425286005,0.0038074712643678676
2501.270207852194,0.0007327586206895553,0.0022701149425286005
2505.773672055427,0.0007327586206895553,0.0022701149425286005
2510.2771362586604,0.0007327586206895553,0.0022701149425286005
2514.7806004618938,0.0007327586206895553,0.0022701149425286005
2519.284064665127,0.0007327586206895553,0.0022701149425286005
2523.7875288683604,0.0022701149425286005,0.0038074712643678676
2528.290993071593,0.0007327586206895553,0.0022701149425286005
2532.794457274827,0.0007327586206895553,0.0022701149425286005
2537.2979214780603,0.0007327586206895553,0.0022701149425286005
2541.801385681293,0.0007327586206895553,0.0022701149425286005
2546.3048498845264,0.0007327586206895553,0.0022701149425286005
2550.80831408776,0.0007327586206895553,0.0022701149425286005
2555.311778290993,0.0022701149425286005,0.0038074712643678676
2559.8152424942264,0.0022701149425286005,0.0038074712643678676
2564.318706697459,0.0022701149425286005,0.0038074712643678676
2568.822170900693,0.0022701149425286005,0.0038074712643678676
2573.3256351039263,0.0007327586206895553,0.0022701149425286005
2577.829099307159,0.0007327586206895553,0.0022701149425286005
2582.3325635103924,0.0022701149425286005,0.0038074712643678676
2586.836027713626,0.0038074712643678676,0.005344827586206913
2591.339491916859,0.0038074712643678676,0.005344827586206913
2595.8429561200924,0.0022701149425286005,0.0038074712643678676
2600.3464203233257,0.0022701149425286005,0.0038074712643678676
2604.849884526559,0.0022701149425286005,0.0038074712643678676
2609.3533487297923,0.0022701149425286005,0.0038074712643678676
2613.8568129330256,0.0022701149425286005,0.0038074712643678676
2618.3602771362584,0.0022701149425286005,0.0038074712643678676
2622.8637413394918,0.0022701149425286005,0.0038074712643678676
2627.3672055427255,0.0038074712643678676,0.005344827586206913
2631.8706697459584,0.005344827586206913,0.006882183908045958
2636.3741339491917,0.005344827586206913,0.006882183908045958
2640.8775981524245,0.0038074712643678676,0.005344827586206913
2645.3810623556583,0.0038074712643678676,0.005344827586206913
2649.8845265588916,0.0038074712643678676,0.005344827586206913
2654.3879907621244,0.0038074712643678676,0.005344827586206913
2658.8914549653578,0.0022701149425286005,0.0038074712643678676
2663.3949191685915,0.0022701149425286005,0.0038074712643678676
2667.8983833718244,0.0022701149425286005,0.0038074712643678676
2672.4018475750577,0.0022701149425286005,0.0038074712643678676
2676.905311778291,0.0022701149425286005,0.0038074712643678676
2681.4087759815243,0.0022701149425286005,0.0038074712643678676
2685.9122401847576,0.0038074712643678676,0.005344827586206913
2690.415704387991,0.0038074712643678676,0.005344827586206913
2694.9191685912238,0.005344827586206913,0.006882183908045958
2699.4226327944575,0.005344827586206913,0.006882183908045958
2703.926096997691,0.0038074712643678676,0.005344827586206913
2708.4295612009237,0.0022701149425286005,0.0038074712643678676
2712.933025404157,0.0022701149425286005,0.0038074712643678676
2717.4364896073903,0.0022701149425286005,0.0038074712643678676
2721.9399538106236,0.0022701149425286005,0.0038074712643678676
2726.443418013857,0.0022701149425286005,0.0038074712643678676
2730.9468822170898,0.0007327586206895553,0.0022701149425286005
2735.4503464203235,0.0007327586206895553,0.0022701149425286005
2739.953810623557,0.0007327586206895553,0.0022701149425286005
2744.4572748267897,0.0007327586206895553,0.0022701149425286005
2748.960739030023,0.0022701149425286005,0.0038074712643678676
2753.4642032332563,0.0022701149425286005,0.0038074712643678676
2757.9676674364896,0.0022701149425286005,0.0038074712643678676
2762.471131639723,0.0022701149425286005,0.0038074712643678676
2766.974595842956,0.0022701149425286005,0.0038074712643678676
2771.478060046189,0.0022701149425286005,0.0038074712643678676
2775.981524249423,0.0038074712643678676,0.005344827586206913
2780.484988452656,0.0038074712643678676,0.005344827586206913
2784.988452655889,0.005344827586206913,0.006882183908045958
2789.4919168591223,0.006882183908045958,0.008419540229885003
2793.9953810623556,0.005344827586206913,0.006882183908045958
2798.498845265589,0.005344827586206913,0.006882183908045958
2803.002309468822,0.005344827586206913,0.008419540229885003
2807.505773672055,0.008419540229885003,0.009956896551724048
2812.009237875289,0.006882183908045958,0.009956896551724048
2816.512702078522,0.005344827586206913,0.006882183908045958
2821.016166281755,0.005344827586206913,0.006882183908045958
2825.5196304849883,0.0038074712643678676,0.005344827586206913
2830.023094688222,0.0038074712643678676,0.005344827586206913
2834.526558891455,0.005344827586206913,0.006882183908045958
2839.030023094688,0.005344827586206913,0.006882183908045958
2843.5334872979215,0.005344827586206913,0.008419540229885003
2848.036951501155,0.008419540229885003,0.009956896551724048
2852.540415704388,0.009956896551724048,0.01610632183908045
2857.0438799076214,0.01610632183908045,0.02686781609195399
2861.5473441108543,0.02686781609195399,0.04070402298850573
2866.050808314088,0.04070402298850573,0.045316091954022975
2870.554272517321,0.03301724137931028,0.04377873563218393
2875.057736720554,0.022255747126436742,0.03301724137931028
2879.5612009237875,0.01610632183908045,0.022255747126436742
2884.064665127021,0.011494252873563315,0.01610632183908045
2888.568129330254,0.009956896551724048,0.011494252873563315
2893.0715935334874,0.009956896551724048,0.011494252873563315
2897.5750577367203,0.009956896551724048,0.011494252873563315
2902.0785219399536,0.009956896551724048,0.011494252873563315
2906.5819861431874,0.008419540229885003,0.009956896551724048
2911.08545034642,0.008419540229885003,0.009956896551724048
2915.5889145496535,0.009956896551724048,0.011494252873563315
2920.092378752887,0.011494252873563315,0.014568965517241184
2924.59584295612,0.014568965517241184,0.01610632183908045
2929.0993071593534,0.01610632183908045,0.017643678160919496
2933.6027713625867,0.017643678160919496,0.020718390804597697
2938.1062355658196,0.020718390804597697,0.022255747126436742
2942.6096997690533,0.01918103448275854,0.022255747126436742
2947.113163972286,0.014568965517241184,0.01918103448275854
2951.6166281755195,0.011494252873563315,0.014568965517241184
2956.120092378753,0.009956896551724048,0.011494252873563315
2960.623556581986,0.008419540229885003,0.009956896551724048
2965.1270207852194,0.006882183908045958,0.009956896551724048
2969.6304849884527,0.006882183908045958,0.008419540229885003
2974.1339491916856,0.006882183908045958,0.008419540229885003
2978.6374133949193,0.005344827586206913,0.006882183908045958
2983.1408775981527,0.005344827586206913,0.006882183908045958
2987.6443418013855,0.005344827586206913,0.006882183908045958
2992.147806004619,0.005344827586206913,0.006882183908045958
2996.6512702078526,0.0038074712643678676,0.005344827586206913
3001.1547344110854,0.0038074712643678676,0.005344827586206913
3005.6581986143187,0.0038074712643678676,0.005344827586206913
3010.161662817552,0.005344827586206913,0.006882183908045958
3014.6651270207853,0.006882183908045958,0.008419540229885003
3019.1685912240187,0.006882183908045958,0.009956896551724048
3023.6720554272515,0.008419540229885003,0.011494252873563315
3028.175519630485,0.011494252873563315,0.014568965517241184
3032.6789838337186,0.014568965517241184,0.01610632183908045
3037.1824480369514,0.01610632183908045,0.017643678160919496
3041.6859122401847,0.01610632183908045,0.017643678160919496
3046.189376443418,0.01610632183908045,0.01918103448275854
3050.6928406466513,0.01610632183908045,0.017643678160919496
3055.1963048498847,0.017643678160919496,0.01918103448275854
3059.699769053118,0.017643678160919496,0.01918103448275854
3064.203233256351,0.01918103448275854,0.022255747126436742
3068.706697459584,0.022255747126436742,0.028405172413793034
3073.210161662818,0.028405172413793034,0.03916666666666668
3077.7136258660507,0.03916666666666668,0.051465517241379266
3082.217090069284,0.051465517241379266,0.06068965517241376
3086.7205542725173,0.06068965517241376,0.06376436781609196
3091.2240184757507,0.04685344827586213,0.06068965517241376
3095.727482678984,0.03916666666666668,0.04685344827586213
3100.230946882217,0.03609195402298848,0.03916666666666668
3104.73441108545,0.031479885057471235,0.03609195402298848
3109.237875288684,0.031479885057471235,0.03609195402298848
3113.7413394919167,0.03609195402298848,0.04070402298850573
3118.24480369515,0.03916666666666668,0.04070402298850573
3122.7482678983833,0.03301724137931028,0.03916666666666668
3127.2517321016167,0.02686781609195399,0.03301724137931028
3131.75519630485,0.020718390804597697,0.02686781609195399
3136.2586605080833,0.017643678160919496,0.020718390804597697
3140.762124711316,0.014568965517241184,0.017643678160919496
3145.26558891455,0.01303160919540236,0.014568965517241184
3149.769053117783,0.011494252873563315,0.014568965517241184
3154.272517321016,0.011494252873563315,0.01303160919540236
3158.7759815242493,0.009956896551724048,0.011494252873563315
3163.2794457274827,0.009956896551724048,0.011494252873563315
3167.782909930716,0.008419540229885003,0.009956896551724048
3172.2863741339493,0.008419540229885003,0.009956896551724048
3176.789838337182,0.008419540229885003,0.009956896551724048
3181.293302540416,0.008419540229885003,0.009956896551724048
3185.796766743649,0.008419540229885003,0.009956896551724048
3190.300230946882,0.008419540229885003,0.009956896551724048
3194.8036951501153,0.006882183908045958,0.008419540229885003
3199.3071593533487,0.006882183908045958,0.008419540229885003
3203.810623556582,0.006882183908045958,0.008419540229885003
3208.3140877598153,0.006882183908045958,0.008419540229885003
3212.8175519630486,0.005344827586206913,0.006882183908045958
3217.3210161662814,0.006882183908045958,0.008419540229885003
3221.824480369515,0.005344827586206913,0.006882183908045958
3226.3279445727485,0.006882183908045958,0.008419540229885003
3230.8314087759813,0.005344827586206913,0.006882183908045958
3235.3348729792147,0.005344827586206913,0.006882183908045958
3239.838337182448,0.0038074712643678676,0.005344827586206913
3244.3418013856813,0.0038074712643678676,0.005344827586206913
3248.8452655889146,0.0038074712643678676,0.005344827586206913
3253.3487297921474,0.0022701149425286005,0.0038074712643678676
3257.852193995381,0.0038074712643678676,0.005344827586206913
3262.3556581986145,0.0022701149425286005,0.0038074712643678676
3266.8591224018473,0.0022701149425286005,0.0038074712643678676
3271.3625866050807,0.0022701149425286005,0.0038074712643678676
3275.8660508083144,0.0022701149425286005,0.0038074712643678676
3280.3695150115473,0.0007327586206895553,0.0022701149425286005
3284.8729792147806,0.0007327586206895553,0.0022701149425286005
3289.376443418014,0.0007327586206895553,0.0022701149425286005
3293.879907621247,0.0007327586206895553,0.0022701149425286005
3298.3833718244805,0.0007327586206895553,0.0022701149425286005
3302.886836027714,0.0007327586206895553,0.0022701149425286005
3307.3903002309467,0.0007327586206895553,0.0022701149425286005
3311.8937644341804,0.0007327586206895553,0.0022701149425286005
3316.3972286374133,0.0007327586206895553,0.0022701149425286005
3320.9006928406466,0.0007327586206895553,0.0022701149425286005
3325.40415704388,0.0022701149425286005,0.0038074712643678676
3329.907621247113,0.0022701149425286005,0.0038074712643678676
3334.4110854503465,0.0007327586206895553,0.0022701149425286005
3338.91454965358,0.0007327586206895553,0.0022701149425286005
3343.4180138568126,0.0007327586206895553,0.0022701149425286005
3347.9214780600464,0.0007327586206895553,0.0022701149425286005
3352.4249422632797,0.0007327586206895553,0.0022701149425286005
3356.9284064665126,0.0007327586206895553,0.0022701149425286005
3361.431870669746,0.0007327586206895553,0.0022701149425286005
3365.935334872979,0.0007327586206895553,0.0022701149425286005
3370.4387990762125,0.0007327586206895553,0.0022701149425286005
3374.942263279446,0.0007327586206895553,0.0022701149425286005
3379.445727482679,0.0007327586206895553,0.0022701149425286005
3383.949191685912,0.0022701149425286005,0.0038074712643678676
3388.4526558891457,0.0022701149425286005,0.0038074712643678676
3392.9561200923786,0.0007327586206895553,0.0038074712643678676
3397.459584295612,0.0007327586206895553,0.0022701149425286005
3401.963048498845,0.0007327586206895553,0.0022701149425286005
3406.4665127020785,0.0022701149425286005,0.0038074712643678676
3410.969976905312,0.0007327586206895553,0.0022701149425286005
3415.473441108545,0.0022701149425286005,0.0038074712643678676
3419.976905311778,0.0022701149425286005,0.0038074712643678676
3424.4803695150117,0.0007327586206895553,0.0022701149425286005
3428.983833718245,0.0007327586206895553,0.0022701149425286005
3433.487297921478,0.0022701149425286005,0.0038074712643678676
3437.990762124711,0.0022701149425286005,0.0038074712643678676
3442.494226327945,0.0022701149425286005,0.0038074712643678676
3446.997690531178,0.0038074712643678676,0.005344827586206913
3451.501154734411,0.0038074712643678676,0.005344827586206913
3456.0046189376444,0.0038074712643678676,0.005344827586206913
3460.5080831408777,0.0038074712643678676,0.005344827586206913
3465.011547344111,0.0038074712643678676,0.005344827586206913
3469.515011547344,0.0038074712643678676,0.005344827586206913
3474.018475750577,0.0038074712643678676,0.005344827586206913
3478.521939953811,0.0038074712643678676,0.005344827586206913
3483.025404157044,0.0022701149425286005,0.0038074712643678676
3487.528868360277,0.0038074712643678676,0.005344827586206913
3492.0323325635104,0.0038074712643678676,0.005344827586206913
3496.5357967667437,0.0022701149425286005,0.0038074712643678676
3501.039260969977,0.0022701149425286005,0.0038074712643678676
3505.5427251732103,0.0022701149425286005,0.0038074712643678676
3510.046189376443,0.0022701149425286005,0.0038074712643678676
3514.5496535796765,0.0007327586206895553,0.0022701149425286005
3519.0531177829102,0.0007327586206895553,0.0022701149425286005
3523.556581986143,0.0007327586206895553,0.0022701149425286005
3528.0600461893764,0.0007327586206895553,0.0022701149425286005
3532.5635103926097,0.0007327586206895553,0.0022701149425286005
3537.066974595843,0.0007327586206895553,0.0038074712643678676
3541.5704387990763,0.0022701149425286005,0.0038074712643678676
3546.073903002309,0.0007327586206895553,0.0022701149425286005
3550.5773672055425,-0.0008045977011494898,0.0007327586206895553
3555.0808314087762,0.0007327586206895553,0.0022701149425286005
3559.584295612009,0.0022701149425286005,0.0038074712643678676
3564.0877598152424,0.0022701149425286005,0.0038074712643678676
3568.5912240184757,0.0022701149425286005,0.0038074712643678676
3573.094688221709,0.0007327586206895553,0.0022701149425286005
3577.5981524249423,0.0007327586206895553,0.0022701149425286005
3582.1016166281756,0.0007327586206895553,0.0022701149425286005
3586.6050808314085,0.0022701149425286005,0.0038074712643678676
3591.1085450346422,0.0038074712643678676,0.005344827586206913
3595.6120092378756,0.0038074712643678676,0.005344827586206913
3600.1154734411084,0.0038074712643678676,0.005344827586206913
3604.6189376443417,0.0022701149425286005,0.0038074712643678676
3609.1224018475755,0.0007327586206895553,0.0022701149425286005
3613.6258660508083,-0.0008045977011494898,0.0007327586206895553
3618.1293302540416,-0.0008045977011494898,0.0007327586206895553
3622.6327944572745,-0.0008045977011494898,0.0007327586206895553
3627.1362586605082,-0.0008045977011494898,0.0007327586206895553
3631.6397228637416,0.0007327586206895553,0.0022701149425286005
3636.1431870669744,0.0007327586206895553,0.0022701149425286005
3640.6466512702077,0.0007327586206895553,0.0022701149425286005
3645.150115473441,0.0007327586206895553,0.0022701149425286005
3649.6535796766743,0.0007327586206895553,0.0022701149425286005
3654.1570438799076,0.0007327586206895553,0.0022701149425286005
3658.660508083141,0.0007327586206895553,0.0022701149425286005
3663.163972286374,0.0007327586206895553,0.0038074712643678676
3667.6674364896076,0.0007327586206895553,0.0038074712643678676
3672.170900692841,0.0022701149425286005,0.0038074712643678676
3676.6743648960737,0.0038074712643678676,0.005344827586206913
3681.177829099307,0.0022701149425286005,0.005344827586206913
3685.681293302541,0.0038074712643678676,0.005344827586206913
3690.1847575057736,0.0038074712643678676,0.005344827586206913
3694.688221709007,0.005344827586206913,0.006882183908045958
3699.19168591224,0.0022701149425286005,0.005344827586206913
3708.198614318707,0.0007327586206895553,0.0022701149425286005
3712.7020785219397,0.0007327586206895553,0.0022701149425286005
3717.205542725173,0.0022701149425286005,0.0038074712643678676
3721.709006928407,0.0022701149425286005,0.0038074712643678676
3726.2124711316396,0.0022701149425286005,0.0038074712643678676
3730.715935334873,0.0038074712643678676,0.005344827586206913
3735.2193995381062,0.0022701149425286005,0.0038074712643678676
3739.7228637413396,0.0007327586206895553,0.0022701149425286005
3744.226327944573,0.0007327586206895553,0.0022701149425286005
3748.729792147806,0.0022701149425286005,0.0038074712643678676
3753.233256351039,0.0007327586206895553,0.0022701149425286005
3757.736720554273,0.0007327586206895553,0.0022701149425286005
3762.240184757506,0.0022701149425286005,0.0038074712643678676
3766.743648960739,0.0022701149425286005,0.0038074712643678676
3771.2471131639722,0.0022701149425286005,0.0038074712643678676
3775.7505773672056,0.0007327586206895553,0.0022701149425286005
3780.254041570439,0.0022701149425286005,0.0038074712643678676
3784.757505773672,0.0022701149425286005,0.0038074712643678676
3789.260969976905,0.0022701149425286005,0.0038074712643678676
3793.764434180139,0.0007327586206895553,0.0022701149425286005
3798.267898383372,0.0007327586206895553,0.0022701149425286005
3802.771362586605,0.0007327586206895553,0.0022701149425286005
3807.2748267898382,0.0007327586206895553,0.0022701149425286005
3811.7782909930716,0.0007327586206895553,0.0022701149425286005
3816.281755196305,0.0007327586206895553,0.0022701149425286005
3820.785219399538,0.0022701149425286005,0.0038074712643678676
3825.2886836027715,0.0022701149425286005,0.0038074712643678676
3829.7921478060043,0.0007327586206895553,0.0022701149425286005
3834.295612009238,0.0007327586206895553,0.0022701149425286005
3838.799076212471,0.0022701149425286005,0.0038074712643678676
3843.3025404157042,0.0007327586206895553,0.0022701149425286005
3847.8060046189375,0.0007327586206895553,0.0022701149425286005
3852.309468822171,0.0007327586206895553,0.0022701149425286005
3856.812933025404,0.0007327586206895553,0.0022701149425286005
3861.3163972286375,0.0007327586206895553,0.0022701149425286005
3865.8198614318703,0.0007327586206895553,0.0022701149425286005
3870.323325635104,0.0007327586206895553,0.0038074712643678676
3874.8267898383374,0.0007327586206895553,0.0038074712643678676
3879.3302540415702,0.0007327586206895553,0.0022701149425286005
3883.8337182448035,0.0007327586206895553,0.0022701149425286005
3888.3371824480373,0.0007327586206895553,0.0022701149425286005
3892.84064665127,0.0007327586206895553,0.0022701149425286005
3897.3441108545035,0.0007327586206895553,0.0022701149425286005
3901.847575057737,0.0007327586206895553,0.0022701149425286005
3906.35103926097,0.0007327586206895553,0.0022701149425286005
3910.8545034642034,0.0022701149425286005,0.0038074712643678676
3915.3579676674362,0.0007327586206895553,0.0022701149425286005
3919.8614318706695,0.0022701149425286005,0.0038074712643678676
3924.3648960739033,0.0022701149425286005,0.0038074712643678676
3928.868360277136,0.0007327586206895553,0.0022701149425286005
3933.3718244803695,0.0022701149425286005,0.0038074712643678676
3937.875288683603,0.0022701149425286005,0.0038074712643678676
3942.378752886836,0.0022701149425286005,0.0038074712643678676
3946.8822170900694,0.0022701149425286005,0.0038074712643678676
3951.3856812933027,0.0022701149425286005,0.0038074712643678676
3955.8891454965355,0.0022701149425286005,0.0038074712643678676
3960.392609699769,0.0022701149425286005,0.0038074712643678676
3964.8960739030026,0.0022701149425286005,0.0038074712643678676
3969.3995381062355,0.0022701149425286005,0.0038074712643678676
3973.903002309469,0.0022701149425286005,0.0038074712643678676
3978.406466512702,0.0022701149425286005,0.0038074712643678676
3982.9099307159354,0.0007327586206895553,0.0022701149425286005
3987.4133949191687,0.0022701149425286005,0.0038074712643678676
3991.9168591224015,0.0022701149425286005,0.0038074712643678676
3996.420323325635,0.0038074712643678676,0.005344827586206913
4000.9237875288686,0.0022701149425286005,0.0038074712643678676
4005.4272517321015,0.0038074712643678676,0.005344827586206913
4009.930715935335,0.0038074712643678676,0.005344827586206913
4014.434180138568,0.0022701149425286005,0.0038074712643678676
4018.9376443418014,0.0022701149425286005,0.0038074712643678676
