380.1385681293302,0.01918103448275854,0.04070402298850573
384.64203233256353,-0.002341954022988535,0.06991379310344814
389.1454965357968,0.03762931034482753,0.065301724137931
393.64896073903003,0.01918103448275854,0.03762931034482753
398.1524249422633,0.0237931034482759,0.03609195402298848
402.65588914549653,0.02686781609195399,0.03301724137931028
407.1593533487298,0.025330459770114833,0.03609195402298848
411.66281755196303,0.025330459770114833,0.034554597701149325
416.16628175519634,0.02994252873563208,0.03609195402298848
420.66974595842953,0.028405172413793034,0.03916666666666668
425.17321016166284,0.028405172413793034,0.03916666666666668
429.6766743648961,0.03609195402298848,0.045316091954022975
434.18013856812934,0.03916666666666668,0.04685344827586213
438.6836027713626,0.04685344827586213,0.051465517241379266
443.18706697459584,0.04992816091954011,0.06068965517241376
447.69053117782914,0.05761494252873556,0.06376436781609196
452.19399538106234,0.06376436781609196,0.0683764367816091
456.69745958429564,0.0683764367816091,0.07760057471264359
461.2009237875289,0.07606321839080454,0.07913793103448274
465.7043879907621,0.07913793103448274,0.09297413793103437
470.20785219399534,0.09297413793103437,0.12679597701149425
474.71131639722864,0.12679597701149425,0.21442528735632183
479.2147806004619,0.21442528735632183,0.38507183908045983
483.71824480369514,0.35739942528735635,0.4158189655172413
488.2217090069284,0.1852155172413793,0.35739942528735635
492.72517321016164,0.09604885057471257,0.1852155172413793
497.2286374133949,0.0683764367816091,0.09604885057471257
501.7321016166282,0.065301724137931,0.0714511494252873
506.23556581986145,0.0714511494252873,0.09451149425287353
510.7390300230947,0.048390804597701065,0.09143678160919533
515.242494226328,0.04377873563218393,0.048390804597701065
519.7459584295611,0.04685344827586213,0.05300287356321831
524.2494226327944,0.05300287356321831,0.05761494252873556
528.7528868360278,0.05761494252873556,0.06376436781609196
533.2563510392611,0.06376436781609196,0.06991379310344814
537.7598152424941,0.06991379310344814,0.0745258620689655
542.2632794457274,0.0745258620689655,0.08221264367816095
546.7667436489608,0.08221264367816095,0.08682471264367819
551.2702078521941,0.08682471264367819,0.09143678160919533
555.7736720554273,0.09143678160919533,0.09604885057471257
560.2771362586604,0.09604885057471257,0.10373563218390802
564.7806004618938,0.10373563218390802,0.10834770114942527
569.2840646651271,0.10834770114942527,0.11449712643678156
573.7875288683603,0.11449712643678156,0.1160344827586206
578.2909930715936,0.1160344827586206,0.12064655172413785
582.7944572748268,0.1191091954022988,0.12372126436781605
587.2979214780601,0.12372126436781605,0.1283333333333333
591.8013856812934,0.1283333333333333,0.13294540229885055
596.3048498845266,0.13294540229885055,0.14678160919540229
600.8083140877598,0.14524425287356324,0.15754310344827582
605.3117782909931,0.14370689655172408,0.14524425287356324
609.8152424942264,0.14370689655172408,0.14524425287356324
614.3187066974596,0.14524425287356324,0.14831896551724133
618.8221709006928,0.14831896551724133,0.15139367816091953
623.3256351039261,0.1498563218390805,0.15446839080459762
627.8290993071594,0.15446839080459762,0.15908045977011487
632.3325635103927,0.15908045977011487,0.16061781609195402
636.8360277136259,0.16061781609195402,0.16369252873563211
641.3394919168591,0.16369252873563211,0.16830459770114936
645.8429561200924,0.16830459770114936,0.17752873563218385
650.3464203233257,0.17752873563218385,0.18367816091954015
654.8498845265589,0.1790660919540229,0.18367816091954015
659.3533487297922,0.18367816091954015,0.20212643678160913
663.8568129330254,0.20212643678160913,0.25593390804597704
668.3602771362587,0.25593390804597704,0.46193965517241375
672.863741339492,0.46193965517241375,0.6295114942528734
677.3672055427252,0.2866810344827586,0.5941522988505747
681.8706697459585,0.17291666666666672,0.2866810344827586
686.3741339491917,0.14063218390804588,0.17291666666666672
690.877598152425,0.12987068965517246,0.14063218390804588
695.3810623556583,0.12679597701149425,0.12987068965517246
699.8845265588914,0.12372126436781605,0.1283333333333333
704.3879907621247,0.12372126436781605,0.1252586206896552
708.891454965358,0.1252586206896552,0.12679597701149425
713.3949191685913,0.12679597701149425,0.13909482758620684
717.8983833718245,0.13909482758620684,0.17752873563218385
722.4018475750578,0.17752873563218385,0.2774568965517241
726.905311778291,0.2774568965517241,0.503448275862069
731.4087759815242,0.503448275862069,0.6833189655172414
735.9122401847575,0.6479597701149425,0.6956178160919539
740.4157043879907,0.4988362068965517,0.6479597701149425
744.919168591224,0.3558620689655172,0.4988362068965517
749.4226327944573,0.2651580459770114,0.3558620689655172
753.9260969976905,0.20366379310344818,0.2651580459770114
758.4295612009238,0.16522988505747127,0.20366379310344818
762.933025404157,0.13909482758620684,0.16522988505747127
767.4364896073903,0.12064655172413785,0.13909482758620684
771.9399538106235,0.10527298850574707,0.12064655172413785
776.4434180138568,0.09451149425287353,0.10527298850574707
780.9468822170901,0.08221264367816095,0.09451149425287353
785.4503464203233,0.0745258620689655,0.08221264367816095
789.9538106235566,0.07298850574712634,0.0745258620689655
794.4572748267898,0.0745258620689655,0.07606321839080454
798.9607390300231,0.06991379310344814,0.07606321839080454
803.4642032332564,0.0683764367816091,0.0714511494252873
807.9676674364896,0.06991379310344814,0.07298850574712634
812.4711316397229,0.059152298850574714,0.06991379310344814
816.9745958429561,0.051465517241379266,0.059152298850574714
821.4780600461894,0.04377873563218393,0.051465517241379266
825.9815242494227,0.03762931034482753,0.04377873563218393
830.4849884526559,0.034554597701149325,0.03762931034482753
834.9884526558892,0.031479885057471235,0.03609195402298848
839.4919168591224,0.028405172413793034,0.031479885057471235
843.9953810623557,0.02686781609195399,0.02994252873563208
848.4988452655889,0.02994252873563208,0.03609195402298848
853.0023094688222,0.03609195402298848,0.059152298850574714
857.5057736720555,0.059152298850574714,0.10681034482758622
862.0092378752887,0.10681034482758622,0.12679597701149425
866.512702078522,0.10219827586206898,0.12679597701149425
871.0161662817552,0.06991379310344814,0.10219827586206898
875.5196304849884,0.045316091954022975,0.06991379310344814
880.0230946882217,0.031479885057471235,0.045316091954022975
884.5265588914549,0.0237931034482759,0.031479885057471235
889.0300230946882,0.020718390804597697,0.0237931034482759
893.5334872979214,0.01610632183908045,0.020718390804597697
898.0369515011547,0.01303160919540236,0.01610632183908045
902.540415704388,0.01303160919540236,0.014568965517241184
907.0438799076212,0.011494252873563315,0.01303160919540236
911.5473441108545,0.011494252873563315,0.01303160919540236
916.0508083140877,0.009956896551724048,0.011494252873563315
920.554272517321,0.008419540229885003,0.009956896551724048
925.0577367205542,0.008419540229885003,0.009956896551724048
929.5612009237875,0.008419540229885003,0.009956896551724048
934.0646651270208,0.009956896551724048,0.011494252873563315
938.568129330254,0.009956896551724048,0.01303160919540236
943.0715935334873,0.01303160919540236,0.01610632183908045
947.5750577367205,0.01303160919540236,0.01610632183908045
952.0785219399538,0.01303160919540236,0.014568965517241184
956.5819861431871,0.014568965517241184,0.017643678160919496
961.0854503464203,0.01610632183908045,0.017643678160919496
965.5889145496536,0.01610632183908045,0.01918103448275854
970.0923787528868,0.01918103448275854,0.0237931034482759
974.5958429561201,0.0237931034482759,0.04685344827586213
979.0993071593533,0.04685344827586213,0.09143678160919533
983.6027713625866,0.025330459770114833,0.08528735632183904
988.1062355658199,0.014568965517241184,0.025330459770114833
992.6096997690531,0.01303160919540236,0.014568965517241184
997.1131639722864,0.014568965517241184,0.022255747126436742
1001.6166281755196,0.022255747126436742,0.034554597701149325
1006.1200923787529,0.034554597701149325,0.05300287356321831
1010.6235565819862,0.05300287356321831,0.09758620689655173
1015.1270207852194,0.034554597701149325,0.09451149425287353
1019.6304849884527,0.028405172413793034,0.034554597701149325
1024.133949191686,0.028405172413793034,0.03301724137931028
1028.6374133949191,0.03301724137931028,0.04070402298850573
1033.1408775981524,0.04070402298850573,0.04685344827586213
1037.6443418013855,0.04685344827586213,0.048390804597701065
1042.1478060046188,0.04070402298850573,0.048390804597701065
1046.6512702078521,0.03301724137931028,0.04070402298850573
1051.1547344110854,0.028405172413793034,0.03301724137931028
1055.6581986143187,0.02686781609195399,0.028405172413793034
1060.161662817552,0.0237931034482759,0.02686781609195399
1064.6651270207853,0.020718390804597697,0.0237931034482759
1069.1685912240184,0.017643678160919496,0.020718390804597697
1073.6720554272517,0.01918103448275854,0.020718390804597697
1078.1755196304848,0.020718390804597697,0.022255747126436742
1082.6789838337181,0.022255747126436742,0.0237931034482759
1087.1824480369514,0.022255747126436742,0.025330459770114833
1091.6859122401847,0.0237931034482759,0.02686781609195399
1096.189376443418,0.02686781609195399,0.031479885057471235
1100.6928406466513,0.031479885057471235,0.03301724137931028
1105.1963048498847,0.031479885057471235,0.034554597701149325
1109.6997690531177,0.025330459770114833,0.031479885057471235
1114.203233256351,0.020718390804597697,0.025330459770114833
1118.7066974595843,0.017643678160919496,0.020718390804597697
1123.2101616628174,0.017643678160919496,0.01918103448275854
1127.7136258660507,0.01918103448275854,0.022255747126436742
1132.217090069284,0.022255747126436742,0.03762931034482753
1136.7205542725173,0.03762931034482753,0.062227011494252915
1141.2240184757507,0.04992816091954011,0.065301724137931
1145.727482678984,0.03762931034482753,0.04992816091954011
1150.2309468822173,0.03762931034482753,0.045316091954022975
1154.7344110854503,0.045316091954022975,0.08989942528735628
1159.2378752886837,0.08989942528735628,0.23748563218390806
1163.741339491917,0.07913793103448274,0.23748563218390806
1168.24480369515,0.031479885057471235,0.07913793103448274
1172.7482678983833,0.020718390804597697,0.031479885057471235
1177.2517321016167,0.017643678160919496,0.020718390804597697
1181.75519630485,0.01918103448275854,0.020718390804597697
1186.258660508083,0.020718390804597697,0.022255747126436742
1190.7621247113166,0.01918103448275854,0.020718390804597697
1195.2655889145497,0.017643678160919496,0.020718390804597697
1199.7690531177827,0.017643678160919496,0.01918103448275854
1204.272517321016,0.01610632183908045,0.017643678160919496
1208.7759815242493,0.017643678160919496,0.020718390804597697
1213.2794457274827,0.020718390804597697,0.0237931034482759
1217.782909930716,0.0237931034482759,0.028405172413793034
1222.2863741339493,0.028405172413793034,0.03301724137931028
1226.7898383371826,0.03301724137931028,0.04070402298850573
1231.2933025404157,0.04070402298850573,0.04992816091954011
1235.796766743649,0.04992816091954011,0.06683908045977016
1240.3002309468823,0.06683908045977016,0.09451149425287353
1244.8036951501156,0.09451149425287353,0.1344827586206896
1249.3071593533487,0.1344827586206896,0.18982758620689655
1253.810623556582,0.18982758620689655,0.2513218390804598
1258.3140877598153,0.2513218390804598,0.30359195402298844
1262.8175519630483,0.30359195402298844,0.32204022988505754
1267.3210161662819,0.30051724137931035,0.32204022988505754
1271.824480369515,0.24978448275862064,0.30051724137931035
1276.3279445727483,0.1821408045977011,0.24978448275862064
1280.8314087759813,0.1191091954022988,0.1821408045977011
1285.3348729792149,0.07760057471264359,0.1191091954022988
1289.838337182448,0.062227011494252915,0.07760057471264359
1294.3418013856813,0.062227011494252915,0.08067528735632179
1298.8452655889146,0.08067528735632179,0.09758620689655173
1303.3487297921479,0.05607758620689651,0.09451149425287353
1307.852193995381,0.04070402298850573,0.05607758620689651
1312.3556581986143,0.03762931034482753,0.04070402298850573
1316.8591224018476,0.03916666666666668,0.04377873563218393
1321.3625866050809,0.03916666666666668,0.04377873563218393
1325.866050808314,0.02994252873563208,0.03916666666666668
1330.3695150115475,0.02994252873563208,0.03301724137931028
1334.8729792147806,0.020718390804597697,0.02994252873563208
1339.3764434180139,0.01303160919540236,0.020718390804597697
1343.879907621247,0.009956896551724048,0.01303160919540236
1348.3833718244805,0.008419540229885003,0.009956896551724048
1352.8868360277136,0.008419540229885003,0.009956896551724048
1357.3903002309469,0.006882183908045958,0.008419540229885003
1361.8937644341802,0.008419540229885003,0.009956896551724048
1366.3972286374135,0.008419540229885003,0.011494252873563315
1370.9006928406466,0.011494252873563315,0.01303160919540236
1375.40415704388,0.011494252873563315,0.01303160919540236
1379.9076212471132,0.009956896551724048,0.011494252873563315
1384.4110854503465,0.008419540229885003,0.011494252873563315
1388.9145496535796,0.006882183908045958,0.008419540229885003
1393.418013856813,0.005344827586206913,0.006882183908045958
1397.9214780600462,0.0038074712643678676,0.005344827586206913
1402.4249422632795,0.005344827586206913,0.006882183908045958
1406.9284064665128,0.005344827586206913,0.006882183908045958
1411.4318706697459,0.0038074712643678676,0.005344827586206913
1415.9353348729792,0.0038074712643678676,0.006882183908045958
1420.4387990762123,0.006882183908045958,0.008419540229885003
1424.9422632794458,0.008419540229885003,0.009956896551724048
1429.4457274826789,0.009956896551724048,0.011494252873563315
1433.9491916859122,0.011494252873563315,0.014568965517241184
1438.4526558891455,0.014568965517241184,0.017643678160919496
1442.9561200923788,0.017643678160919496,0.02686781609195399
1447.4595842956119,0.02686781609195399,0.048390804597701065
1451.9630484988454,0.048390804597701065,0.10527298850574707
1456.4665127020785,0.10527298850574707,0.19597701149425295
1460.9699769053118,0.08528735632183904,0.16215517241379307
1465.4734411085449,0.08836206896551724,0.11449712643678156
1469.9769053117784,0.11449712643678156,0.13602011494252864
1474.4803695150115,0.13602011494252864,0.16215517241379307
1478.9838337182448,0.16215517241379307,0.25593390804597704
1483.487297921478,0.25593390804597704,0.5357327586206897
1487.9907621247114,0.5357327586206897,1.02
1492.4942263279445,0.36354885057471265,0.9938649425287357
1496.9976905311778,0.14216954022988504,0.36354885057471265
1501.501154734411,0.08067528735632179,0.14216954022988504
1506.0046189376444,0.06068965517241376,0.08067528735632179
1510.5080831408775,0.05761494252873556,0.06068965517241376
1515.011547344111,0.06068965517241376,0.065301724137931
1519.515011547344,0.03916666666666668,0.062227011494252915
1524.0184757505774,0.028405172413793034,0.03916666666666668
1528.5219399538107,0.025330459770114833,0.028405172413793034
1533.025404157044,0.022255747126436742,0.025330459770114833
1537.528868360277,0.0237931034482759,0.028405172413793034
1542.0323325635104,0.028405172413793034,0.03916666666666668
1546.5357967667437,0.03916666666666668,0.05761494252873556
1551.0392609699768,0.048390804597701065,0.05761494252873556
1555.54272517321,0.04685344827586213,0.048390804597701065
1560.0461893764434,0.04685344827586213,0.05454022988505747
1564.5496535796767,0.05454022988505747,0.0683764367816091
1569.0531177829098,0.0683764367816091,0.08989942528735628
1573.556581986143,0.08989942528735628,0.1314080459770115
1578.0600461893764,0.1314080459770115,0.16215517241379307
1582.5635103926097,0.16215517241379307,0.24056034482758615
1587.0669745958428,0.24056034482758615,0.47423850574712634
1591.5704387990763,0.47423850574712634,0.8847126436781609
1596.0739030023094,0.524971264367816,0.8785632183908045
1600.5773672055427,0.4419540229885057,0.524971264367816
1605.080831408776,0.44964080459770117,0.5526436781609195
1609.5842956120093,0.5526436781609195,0.6710201149425288
1614.0877598152424,0.6218247126436782,0.6756321839080459
1618.5912240184757,0.47423850574712634,0.6218247126436782
1623.094688221709,0.34202586206896557,0.47423850574712634
1627.5981524249423,0.23133620689655177,0.34202586206896557
1632.1016166281754,0.15908045977011487,0.23133620689655177
1636.605080831409,0.11142241379310336,0.15908045977011487
1641.108545034642,0.08221264367816095,0.11142241379310336
1645.6120092378753,0.062227011494252915,0.08221264367816095
1650.1154734411084,0.048390804597701065,0.062227011494252915
1654.618937644342,0.04070402298850573,0.048390804597701065
1659.122401847575,0.034554597701149325,0.04070402298850573
1663.6258660508083,0.02994252873563208,0.034554597701149325
1668.1293302540416,0.02994252873563208,0.031479885057471235
1672.632794457275,0.02994252873563208,0.031479885057471235
1677.136258660508,0.028405172413793034,0.02994252873563208
1681.6397228637413,0.02686781609195399,0.028405172413793034
1686.1431870669746,0.028405172413793034,0.031479885057471235
1690.646651270208,0.031479885057471235,0.034554597701149325
1695.150115473441,0.03301724137931028,0.034554597701149325
1699.6535796766743,0.02994252873563208,0.034554597701149325
1704.1570438799076,0.02686781609195399,0.02994252873563208
1708.6605080831407,0.0237931034482759,0.02686781609195399
1713.1639722863742,0.01918103448275854,0.0237931034482759
1717.6674364896073,0.017643678160919496,0.01918103448275854
1722.1709006928406,0.014568965517241184,0.01610632183908045
1726.6743648960737,0.01303160919540236,0.014568965517241184
1731.1778290993072,0.011494252873563315,0.01303160919540236
1735.6812933025403,0.009956896551724048,0.011494252873563315
1740.1847575057736,0.008419540229885003,0.009956896551724048
1744.688221709007,0.008419540229885003,0.009956896551724048
1749.1916859122402,0.008419540229885003,0.009956896551724048
1753.6951501154733,0.008419540229885003,0.009956896551724048
1758.1986143187066,0.008419540229885003,0.011494252873563315
1762.70207852194,0.011494252873563315,0.014568965517241184
1767.2055427251732,0.014568965517241184,0.01610632183908045
1771.7090069284063,0.014568965517241184,0.01610632183908045
1776.2124711316399,0.014568965517241184,0.01610632183908045
1780.715935334873,0.014568965517241184,0.01610632183908045
1785.2193995381062,0.01303160919540236,0.014568965517241184
1789.7228637413396,0.01303160919540236,0.014568965517241184
1794.2263279445729,0.011494252873563315,0.01303160919540236
1798.729792147806,0.011494252873563315,0.01303160919540236
1803.2332563510392,0.011494252873563315,0.01303160919540236
1807.7367205542726,0.011494252873563315,0.01303160919540236
1812.2401847575059,0.011494252873563315,0.01303160919540236
1816.743648960739,0.01303160919540236,0.01610632183908045
1821.2471131639725,0.01610632183908045,0.017643678160919496
1825.7505773672056,0.017643678160919496,0.020718390804597697
1830.2540415704389,0.01918103448275854,0.020718390804597697
1834.757505773672,0.01918103448275854,0.020718390804597697
1839.2609699769055,0.01918103448275854,0.020718390804597697
1843.7644341801386,0.017643678160919496,0.01918103448275854
1848.2678983833719,0.01610632183908045,0.017643678160919496
1852.7713625866052,0.01303160919540236,0.01610632183908045
1857.2748267898382,0.011494252873563315,0.014568965517241184
1861.7782909930716,0.009956896551724048,0.011494252873563315
1866.2817551963049,0.009956896551724048,0.011494252873563315
1870.7852193995382,0.008419540229885003,0.009956896551724048
1875.2886836027712,0.008419540229885003,0.009956896551724048
1879.7921478060046,0.008419540229885003,0.009956896551724048
1884.2956120092379,0.008419540229885003,0.009956896551724048
1888.7990762124712,0.009956896551724048,0.011494252873563315
1893.3025404157042,0.009956896551724048,0.011494252873563315
1897.8060046189378,0.011494252873563315,0.014568965517241184
1902.3094688221709,0.014568965517241184,0.01610632183908045
1906.8129330254042,0.01610632183908045,0.01918103448275854
1911.3163972286372,0.01918103448275854,0.0237931034482759
1915.8198614318708,0.0237931034482759,0.02994252873563208
1920.3233256351039,0.02994252873563208,0.03301724137931028
1924.8267898383372,0.031479885057471235,0.03301724137931028
1929.3302540415705,0.02686781609195399,0.031479885057471235
1933.8337182448038,0.025330459770114833,0.02686781609195399
1938.3371824480369,0.022255747126436742,0.025330459770114833
1942.8406466512704,0.020718390804597697,0.022255747126436742
1947.3441108545035,0.017643678160919496,0.020718390804597697
1951.8475750577368,0.01610632183908045,0.017643678160919496
1956.3510392609699,0.014568965517241184,0.01610632183908045
1960.8545034642034,0.01303160919540236,0.014568965517241184
1965.3579676674365,0.01303160919540236,0.014568965517241184
1969.8614318706698,0.011494252873563315,0.01303160919540236
1974.364896073903,0.01303160919540236,0.014568965517241184
1978.8683602771364,0.011494252873563315,0.01303160919540236
1983.3718244803695,0.01303160919540236,0.014568965517241184
1987.8752886836028,0.011494252873563315,0.01303160919540236
1992.378752886836,0.01303160919540236,0.014568965517241184
1996.8822170900694,0.014568965517241184,0.01610632183908045
2001.3856812933025,0.01303160919540236,0.014568965517241184
2005.8891454965358,0.011494252873563315,0.014568965517241184
2010.392609699769,0.011494252873563315,0.01303160919540236
2014.8960739030022,0.011494252873563315,0.01303160919540236
2019.3995381062355,0.011494252873563315,0.01303160919540236
2023.9030023094688,0.011494252873563315,0.01303160919540236
2028.406466512702,0.009956896551724048,0.011494252873563315
2032.9099307159352,0.008419540229885003,0.009956896551724048
2037.4133949191687,0.009956896551724048,0.011494252873563315
2041.9168591224018,0.009956896551724048,0.011494252873563315
2046.420323325635,0.008419540229885003,0.009956896551724048
2050.923787528868,0.008419540229885003,0.009956896551724048
2055.4272517321015,0.006882183908045958,0.008419540229885003
2059.930715935335,0.008419540229885003,0.009956896551724048
2064.434180138568,0.008419540229885003,0.009956896551724048
2068.9376443418014,0.008419540229885003,0.009956896551724048
2073.4411085450347,0.008419540229885003,0.009956896551724048
2077.944572748268,0.008419540229885003,0.009956896551724048
2082.4480369515013,0.008419540229885003,0.009956896551724048
2086.9515011547346,0.008419540229885003,0.009956896551724048
2091.454965357968,0.008419540229885003,0.009956896551724048
2095.958429561201,0.008419540229885003,0.009956896551724048
2100.4618937644345,0.006882183908045958,0.008419540229885003
2104.9653579676674,0.006882183908045958,0.008419540229885003
2109.4688221709007,0.006882183908045958,0.008419540229885003
2113.972286374134,0.006882183908045958,0.008419540229885003
2118.4757505773673,0.006882183908045958,0.008419540229885003
2122.9792147806,0.006882183908045958,0.008419540229885003
2127.482678983834,0.005344827586206913,0.006882183908045958
2131.986143187067,0.006882183908045958,0.008419540229885003
2136.4896073903,0.006882183908045958,0.008419540229885003
2140.9930715935334,0.006882183908045958,0.008419540229885003
2145.4965357967667,0.006882183908045958,0.008419540229885003
2150.0,0.006882183908045958,0.009956896551724048
2154.5034642032333,0.006882183908045958,0.008419540229885003
2159.0069284064666,0.006882183908045958,0.008419540229885003
2163.5103926097,0.006882183908045958,0.008419540229885003
2168.013856812933,0.006882183908045958,0.008419540229885003
2172.517321016166,0.006882183908045958,0.008419540229885003
2177.0207852194,0.006882183908045958,0.008419540229885003
2181.524249422633,0.006882183908045958,0.008419540229885003
2186.027713625866,0.006882183908045958,0.008419540229885003
2190.5311778290993,0.005344827586206913,0.006882183908045958
2195.034642032332,0.005344827586206913,0.006882183908045958
2199.5381062355655,0.005344827586206913,0.006882183908045958
2204.041570438799,0.006882183908045958,0.008419540229885003
2208.545034642032,0.005344827586206913,0.006882183908045958
2213.0484988452654,0.005344827586206913,0.006882183908045958
2217.5519630484987,0.0038074712643678676,0.005344827586206913
2222.055427251732,0.0038074712643678676,0.005344827586206913
2226.5588914549653,0.0038074712643678676,0.005344827586206913
2231.0623556581986,0.005344827586206913,0.006882183908045958
2235.565819861432,0.005344827586206913,0.006882183908045958
2240.069284064665,0.005344827586206913,0.006882183908045958
2244.5727482678985,0.005344827586206913,0.006882183908045958
2249.0762124711314,0.0038074712643678676,0.005344827586206913
2253.579676674365,0.0038074712643678676,0.005344827586206913
2258.0831408775985,0.005344827586206913,0.006882183908045958
2262.5866050808313,0.005344827586206913,0.006882183908045958
2267.0900692840646,0.005344827586206913,0.006882183908045958
2271.593533487298,0.005344827586206913,0.006882183908045958
2276.096997690531,0.0038074712643678676,0.005344827586206913
2280.6004618937645,0.0038074712643678676,0.005344827586206913
2285.1039260969974,0.0038074712643678676,0.005344827586206913
2289.607390300231,0.0038074712643678676,0.005344827586206913
2294.1108545034645,0.005344827586206913,0.006882183908045958
2298.6143187066973,0.005344827586206913,0.006882183908045958
2303.1177829099306,0.005344827586206913,0.008419540229885003
2307.621247113164,0.005344827586206913,0.006882183908045958
2312.124711316397,0.005344827586206913,0.006882183908045958
2316.6281755196305,0.006882183908045958,0.008419540229885003
2321.131639722864,0.006882183908045958,0.008419540229885003
2325.6351039260967,0.008419540229885003,0.011494252873563315
2330.1385681293305,0.009956896551724048,0.011494252873563315
2334.6420323325638,0.009956896551724048,0.011494252873563315
2339.1454965357966,0.006882183908045958,0.009956896551724048
2343.64896073903,0.0022701149425286005,0.006882183908045958
2348.152424942263,0.0007327586206895553,0.0022701149425286005
2352.6558891454965,0.0022701149425286005,0.009956896551724048
2357.15935334873,0.009956896551724048,0.020718390804597697
2361.6628175519627,0.01918103448275854,0.020718390804597697
2366.1662817551965,0.01610632183908045,0.01918103448275854
2370.6697459584298,0.008419540229885003,0.01610632183908045
2375.1732101616626,0.0007327586206895553,0.008419540229885003
2379.676674364896,0.0007327586206895553,0.0022701149425286005
2384.1801385681297,0.0007327586206895553,0.0022701149425286005
2388.6836027713625,0.0022701149425286005,0.0038074712643678676
2393.187066974596,0.0022701149425286005,0.0038074712643678676
2397.690531177829,0.0022701149425286005,0.0038074712643678676
2402.1939953810625,0.0038074712643678676,0.006882183908045958
2406.6974595842958,0.005344827586206913,0.006882183908045958
2411.200923787529,0.0038074712643678676,0.005344827586206913
2415.704387990762,0.005344827586206913,0.006882183908045958
2420.2078521939957,0.005344827586206913,0.006882183908045958
2424.7113163972285,0.006882183908045958,0.008419540229885003
2429.214780600462,0.006882183908045958,0.008419540229885003
2433.718244803695,0.006882183908045958,0.008419540229885003
2438.2217090069284,0.005344827586206913,0.006882183908045958
2442.7251732101618,0.005344827586206913,0.006882183908045958
2447.228637413395,0.005344827586206913,0.006882183908045958
2451.732101616628,0.0038074712643678676,0.005344827586206913
2456.235565819861,0.0038074712643678676,0.005344827586206913
2460.739030023095,0.005344827586206913,0.006882183908045958
2465.242494226328,0.005344827586206913,0.006882183908045958
2469.745958429561,0.0038074712643678676,0.005344827586206913
2474.2494226327944,0.005344827586206913,0.006882183908045958
2478.7528868360278,0.0038074712643678676,0.005344827586206913
2483.256351039261,0.0038074712643678676,0.005344827586206913
2487.759815242494,0.0038074712643678676,0.005344827586206913
2492.263279445727,0.005344827586206913,0.006882183908045958
2496.766743648961,0.0038074712643678676,0.005344827586206913
2501.270207852194,0.0038074712643678676,0.005344827586206913
2505.773672055427,0.0038074712643678676,0.005344827586206913
2510.2771362586604,0.0038074712643678676,0.006882183908045958
2514.7806004618938,0.005344827586206913,0.006882183908045958
2519.284064665127,0.005344827586206913,0.006882183908045958
2523.7875288683604,0.005344827586206913,0.006882183908045958
2528.290993071593,0.005344827586206913,0.008419540229885003
2532.794457274827,0.005344827586206913,0.006882183908045958
2537.2979214780603,0.006882183908045958,0.008419540229885003
2541.801385681293,0.006882183908045958,0.008419540229885003
2546.3048498845264,0.008419540229885003,0.009956896551724048
2550.80831408776,0.008419540229885003,0.009956896551724048
2555.311778290993,0.006882183908045958,0.008419540229885003
2559.8152424942264,0.006882183908045958,0.009956896551724048
2564.318706697459,0.006882183908045958,0.008419540229885003
2568.822170900693,0.006882183908045958,0.008419540229885003
2573.3256351039263,0.008419540229885003,0.009956896551724048
2577.829099307159,0.009956896551724048,0.011494252873563315
2582.3325635103924,0.008419540229885003,0.009956896551724048
2586.836027713626,0.008419540229885003,0.011494252873563315
2591.339491916859,0.009956896551724048,0.011494252873563315
2595.8429561200924,0.009956896551724048,0.011494252873563315
2600.3464203233257,0.009956896551724048,0.011494252873563315
2604.849884526559,0.009956896551724048,0.011494252873563315
2609.3533487297923,0.011494252873563315,0.01303160919540236
2613.8568129330256,0.009956896551724048,0.011494252873563315
2618.3602771362584,0.011494252873563315,0.01303160919540236
2622.8637413394918,0.01303160919540236,0.014568965517241184
2627.3672055427255,0.01303160919540236,0.014568965517241184
2631.8706697459584,0.014568965517241184,0.01610632183908045
2636.3741339491917,0.014568965517241184,0.01610632183908045
2640.8775981524245,0.01610632183908045,0.017643678160919496
2645.3810623556583,0.014568965517241184,0.01918103448275854
2649.8845265588916,0.011494252873563315,0.014568965517241184
2654.3879907621244,0.011494252873563315,0.01303160919540236
2658.8914549653578,0.011494252873563315,0.014568965517241184
2663.3949191685915,0.011494252873563315,0.01303160919540236
2667.8983833718244,0.011494252873563315,0.01303160919540236
2672.4018475750577,0.009956896551724048,0.01303160919540236
2676.905311778291,0.011494252873563315,0.01303160919540236
2681.4087759815243,0.011494252873563315,0.01303160919540236
2685.9122401847576,0.011494252873563315,0.01303160919540236
2690.415704387991,0.009956896551724048,0.011494252873563315
2694.9191685912238,0.009956896551724048,0.011494252873563315
2699.4226327944575,0.008419540229885003,0.009956896551724048
2703.926096997691,0.009956896551724048,0.011494252873563315
2708.4295612009237,0.008419540229885003,0.009956896551724048
2712.933025404157,0.009956896551724048,0.011494252873563315
2717.4364896073903,0.008419540229885003,0.009956896551724048
2721.9399538106236,0.008419540229885003,0.011494252873563315
2726.443418013857,0.011494252873563315,0.01303160919540236
2730.9468822170898,0.009956896551724048,0.01303160919540236
2735.4503464203235,0.011494252873563315,0.01303160919540236
2739.953810623557,0.011494252873563315,0.01303160919540236
2744.4572748267897,0.011494252873563315,0.01303160919540236
2748.960739030023,0.011494252873563315,0.014568965517241184
2753.4642032332563,0.01303160919540236,0.014568965517241184
2757.9676674364896,0.01303160919540236,0.014568965517241184
2762.471131639723,0.01303160919540236,0.014568965517241184
2766.974595842956,0.01303160919540236,0.014568965517241184
2771.478060046189,0.01303160919540236,0.01610632183908045
2775.981524249423,0.014568965517241184,0.01610632183908045
2780.484988452656,0.014568965517241184,0.01610632183908045
2784.988452655889,0.01303160919540236,0.014568965517241184
2789.4919168591223,0.011494252873563315,0.01303160919540236
2793.9953810623556,0.009956896551724048,0.01303160919540236
2798.498845265589,0.009956896551724048,0.011494252873563315
2803.002309468822,0.011494252873563315,0.01303160919540236
2807.505773672055,0.011494252873563315,0.01303160919540236
2812.009237875289,0.011494252873563315,0.01303160919540236
2816.512702078522,0.011494252873563315,0.014568965517241184
2821.016166281755,0.014568965517241184,0.01610632183908045
2825.5196304849883,0.014568965517241184,0.01610632183908045
2830.023094688222,0.014568965517241184,0.01610632183908045
2834.526558891455,0.014568965517241184,0.017643678160919496
2839.030023094688,0.014568965517241184,0.01610632183908045
2843.5334872979215,0.014568965517241184,0.01610632183908045
2848.036951501155,0.011494252873563315,0.014568965517241184
2852.540415704388,0.01303160919540236,0.014568965517241184
2857.0438799076214,0.01303160919540236,0.014568965517241184
2861.5473441108543,0.01303160919540236,0.014568965517241184
2866.050808314088,0.014568965517241184,0.01610632183908045
2870.554272517321,0.014568965517241184,0.01610632183908045
2875.057736720554,0.014568965517241184,0.01610632183908045
2879.5612009237875,0.01610632183908045,0.017643678160919496
2884.064665127021,0.017643678160919496,0.01918103448275854
2888.568129330254,0.017643678160919496,0.01918103448275854
2893.0715935334874,0.017643678160919496,0.020718390804597697
2897.5750577367203,0.020718390804597697,0.022255747126436742
2902.0785219399536,0.020718390804597697,0.0237931034482759
2906.5819861431874,0.0237931034482759,0.025330459770114833
2911.08545034642,0.025330459770114833,0.02686781609195399
2915.5889145496535,0.02686781609195399,0.028405172413793034
2920.092378752887,0.0237931034482759,0.02686781609195399
2924.59584295612,0.025330459770114833,0.02686781609195399
2929.0993071593534,0.025330459770114833,0.02686781609195399
2933.6027713625867,0.02686781609195399,0.02994252873563208
2938.1062355658196,0.02994252873563208,0.031479885057471235
2942.6096997690533,0.028405172413793034,0.031479885057471235
2947.113163972286,0.02686781609195399,0.02994252873563208
2951.6166281755195,0.02686781609195399,0.02994252873563208
2956.120092378753,0.025330459770114833,0.02686781609195399
2960.623556581986,0.02686781609195399,0.02994252873563208
2965.1270207852194,0.028405172413793034,0.02994252873563208
2969.6304849884527,0.028405172413793034,0.031479885057471235
2974.1339491916856,0.031479885057471235,0.034554597701149325
2978.6374133949193,0.03301724137931028,0.034554597701149325
2983.1408775981527,0.03301724137931028,0.03609195402298848
2987.6443418013855,0.03301724137931028,0.03609195402298848
2992.147806004619,0.03609195402298848,0.03916666666666668
2996.6512702078526,0.03916666666666668,0.04224137931034477
3001.1547344110854,0.04224137931034477,0.045316091954022975
3005.6581986143187,0.045316091954022975,0.05607758620689651
3010.161662817552,0.05607758620689651,0.07298850574712634
3014.6651270207853,0.07298850574712634,0.09604885057471257
3019.1685912240187,0.09604885057471257,0.10219827586206898
3023.6720554272515,0.08221264367816095,0.09758620689655173
3028.175519630485,0.08221264367816095,0.09451149425287353
3032.6789838337186,0.09451149425287353,0.12987068965517246
3037.1824480369514,0.12987068965517246,0.16676724137931032
3041.6859122401847,0.16676724137931032,0.17445402298850576
3046.189376443418,0.17445402298850576,0.18060344827586206
3050.6928406466513,0.12987068965517246,0.1759913793103447
3055.1963048498847,0.09143678160919533,0.12987068965517246
3059.699769053118,0.07760057471264359,0.09143678160919533
3064.203233256351,0.06991379310344814,0.07760057471264359
3068.706697459584,0.0683764367816091,0.06991379310344814
3073.210161662818,0.0683764367816091,0.07760057471264359
3077.7136258660507,0.07760057471264359,0.09758620689655173
3082.217090069284,0.08836206896551724,0.09912356321839078
3086.7205542725173,0.07298850574712634,0.08836206896551724
3091.2240184757507,0.06991379310344814,0.07298850574712634
3095.727482678984,0.07298850574712634,0.07760057471264359
3100.230946882217,0.062227011494252915,0.07606321839080454
3104.73441108545,0.048390804597701065,0.062227011494252915
3109.237875288684,0.045316091954022975,0.048390804597701065
3113.7413394919167,0.048390804597701065,0.051465517241379266
3118.24480369515,0.04377873563218393,0.04992816091954011
3122.7482678983833,0.03609195402298848,0.04377873563218393
3127.2517321016167,0.03301724137931028,0.03609195402298848
3131.75519630485,0.031479885057471235,0.034554597701149325
3136.2586605080833,0.02994252873563208,0.03301724137931028
3140.762124711316,0.03301724137931028,0.034554597701149325
3145.26558891455,0.03301724137931028,0.034554597701149325
3149.769053117783,0.031479885057471235,0.03301724137931028
3154.272517321016,0.03301724137931028,0.034554597701149325
3158.7759815242493,0.034554597701149325,0.03609195402298848
3163.2794457274827,0.03609195402298848,0.03762931034482753
3167.782909930716,0.03609195402298848,0.03916666666666668
3172.2863741339493,0.03916666666666668,0.04224137931034477
3176.789838337182,0.04224137931034477,0.04377873563218393
3181.293302540416,0.04377873563218393,0.048390804597701065
3185.796766743649,0.048390804597701065,0.04992816091954011
3190.300230946882,0.04992816091954011,0.05607758620689651
3194.8036951501153,0.05607758620689651,0.06376436781609196
3199.3071593533487,0.06376436781609196,0.0714511494252873
3203.810623556582,0.0714511494252873,0.08221264367816095
3208.3140877598153,0.08221264367816095,0.09604885057471257
3212.8175519630486,0.09604885057471257,0.10988505747126442
3217.3210161662814,0.10988505747126442,0.12218390804597701
3221.824480369515,0.12218390804597701,0.1283333333333333
3226.3279445727485,0.1252586206896552,0.1283333333333333
3230.8314087759813,0.12064655172413785,0.1252586206896552
3235.3348729792147,0.11449712643678156,0.12064655172413785
3239.838337182448,0.10834770114942527,0.11449712643678156
3244.3418013856813,0.10527298850574707,0.10834770114942527
3248.8452655889146,0.09758620689655173,0.10527298850574707
3253.3487297921474,0.09297413793103437,0.09758620689655173
3257.852193995381,0.08836206896551724,0.09297413793103437
3262.3556581986145,0.08374999999999999,0.08836206896551724
3266.8591224018473,0.07913793103448274,0.08374999999999999
3271.3625866050807,0.07606321839080454,0.07913793103448274
3275.8660508083144,0.0745258620689655,0.07606321839080454
3280.3695150115473,0.0745258620689655,0.07606321839080454
3284.8729792147806,0.0745258620689655,0.07606321839080454
3289.376443418014,0.07606321839080454,0.07913793103448274
3293.879907621247,0.07913793103448274,0.08221264367816095
3298.3833718244805,0.08221264367816095,0.08836206896551724
3302.886836027714,0.08836206896551724,0.09604885057471257
3307.3903002309467,0.09604885057471257,0.10373563218390802
3311.8937644341804,0.10373563218390802,0.11142241379310336
3316.3972286374133,0.11142241379310336,0.12064655172413785
3320.9006928406466,0.12064655172413785,0.13294540229885055
3325.40415704388,0.13294540229885055,0.14524425287356324
3329.907621247113,0.14524425287356324,0.15908045977011487
3334.4110854503465,0.15908045977011487,0.17291666666666672
3338.91454965358,0.17291666666666672,0.18982758620689655
3343.4180138568126,0.18982758620689655,0.20981321839080458
3347.9214780600464,0.20981321839080458,0.23133620689655177
3352.4249422632797,0.23133620689655177,0.25593390804597704
3356.9284064665126,0.25593390804597704,0.2789942528735633
3361.431870669746,0.2789942528735633,0.29436781609195406
3365.935334872979,0.29436781609195406,0.2989798850574713
3370.4387990762125,0.2989798850574713,0.30051724137931035
3374.942263279446,0.2928304597701149,0.2989798850574713
3379.445727482679,0.2836063218390804,0.2928304597701149
3383.949191685912,0.2743821839080459,0.2836063218390804
3388.4526558891457,0.2605459770114942,0.2743821839080459
3392.9561200923786,0.24056034482758615,0.2605459770114942
3397.459584295612,0.21442528735632183,0.24056034482758615
3401.963048498845,0.18982758620689655,0.21442528735632183
3406.4665127020785,0.16984195402298852,0.18982758620689655
3410.969976905312,0.15754310344827582,0.16984195402298852
3415.473441108545,0.15600574712643667,0.15754310344827582
3419.976905311778,0.15600574712643667,0.16215517241379307
3424.4803695150117,0.16215517241379307,0.16984195402298852
3428.983833718245,0.16984195402298852,0.18060344827586206
3433.487297921478,0.18060344827586206,0.18982758620689655
3437.990762124711,0.18982758620689655,0.19751436781609188
3442.494226327945,0.19751436781609188,0.20366379310344818
3446.997690531178,0.20058908045977009,0.20366379310344818
3451.501154734411,0.19905172413793093,0.20058908045977009
3456.0046189376444,0.19751436781609188,0.19905172413793093
3460.5080831408777,0.19290229885057475,0.19751436781609188
3465.011547344111,0.18675287356321835,0.19290229885057475
3469.515011547344,0.1790660919540229,0.18675287356321835
3474.018475750577,0.17291666666666672,0.1790660919540229
3478.521939953811,0.16061781609195402,0.17291666666666672
3483.025404157044,0.14678160919540229,0.16061781609195402
3487.528868360277,0.12679597701149425,0.14678160919540229
3492.0323325635104,0.10681034482758622,0.12679597701149425
3496.5357967667437,0.08989942528735628,0.10681034482758622
3501.039260969977,0.0714511494252873,0.08989942528735628
3505.5427251732103,0.059152298850574714,0.0714511494252873
3510.046189376443,0.04992816091954011,0.059152298850574714
3514.5496535796765,0.04377873563218393,0.04992816091954011
3519.0531177829102,0.03762931034482753,0.04377873563218393
3523.556581986143,0.034554597701149325,0.03762931034482753
3528.0600461893764,0.031479885057471235,0.034554597701149325
3532.5635103926097,0.02994252873563208,0.031479885057471235
3537.066974595843,0.028405172413793034,0.02994252873563208
3541.5704387990763,0.02686781609195399,0.028405172413793034
3546.073903002309,0.025330459770114833,0.02686781609195399
3550.5773672055425,0.0237931034482759,0.025330459770114833
3555.0808314087762,0.022255747126436742,0.0237931034482759
3559.584295612009,0.022255747126436742,0.0237931034482759
3564.0877598152424,0.020718390804597697,0.022255747126436742
3568.5912240184757,0.020718390804597697,0.022255747126436742
3573.094688221709,0.020718390804597697,0.022255747126436742
3577.5981524249423,0.020718390804597697,0.022255747126436742
3582.1016166281756,0.01918103448275854,0.020718390804597697
3586.6050808314085,0.01918103448275854,0.020718390804597697
3591.1085450346422,0.017643678160919496,0.01918103448275854
3595.6120092378756,0.017643678160919496,0.01918103448275854
3600.1154734411084,0.017643678160919496,0.01918103448275854
3604.6189376443417,0.014568965517241184,0.017643678160919496
3609.1224018475755,0.01610632183908045,0.017643678160919496
3613.6258660508083,0.01610632183908045,0.017643678160919496
3618.1293302540416,0.01610632183908045,0.017643678160919496
3622.6327944572745,0.014568965517241184,0.017643678160919496
3627.1362586605082,0.01303160919540236,0.01610632183908045
3631.6397228637416,0.01303160919540236,0.014568965517241184
3636.1431870669744,0.011494252873563315,0.014568965517241184
3640.6466512702077,0.011494252873563315,0.014568965517241184
3645.150115473441,0.014568965517241184,0.01610632183908045
3649.6535796766743,0.011494252873563315,0.014568965517241184
3654.1570438799076,0.011494252873563315,0.01303160919540236
3658.660508083141,0.011494252873563315,0.01303160919540236
3663.163972286374,0.011494252873563315,0.014568965517241184
3667.6674364896076,0.011494252873563315,0.01303160919540236
3672.170900692841,0.011494252873563315,0.01303160919540236
3676.6743648960737,0.009956896551724048,0.011494252873563315
3681.177829099307,0.008419540229885003,0.009956896551724048
3685.681293302541,0.006882183908045958,0.008419540229885003
3690.1847575057736,0.006882183908045958,0.009956896551724048
3694.688221709007,0.005344827586206913,0.006882183908045958
3699.19168591224,0.005344827586206913,0.008419540229885003
3703.6951501154736,0.006882183908045958,0.009956896551724048
3708.198614318707,0.006882183908045958,0.009956896551724048
3712.7020785219397,0.005344827586206913,0.008419540229885003
3717.205542725173,0.005344827586206913,0.006882183908045958
3721.709006928407,0.006882183908045958,0.008419540229885003
3726.2124711316396,0.006882183908045958,0.008419540229885003
3730.715935334873,0.005344827586206913,0.006882183908045958
3735.2193995381062,0.005344827586206913,0.008419540229885003
3739.7228637413396,0.005344827586206913,0.008419540229885003
3744.226327944573,0.005344827586206913,0.008419540229885003
3748.729792147806,0.006882183908045958,0.008419540229885003
3753.233256351039,0.005344827586206913,0.006882183908045958
3757.736720554273,0.005344827586206913,0.006882183908045958
3762.240184757506,0.006882183908045958,0.009956896551724048
3766.743648960739,0.006882183908045958,0.009956896551724048
3771.2471131639722,0.005344827586206913,0.006882183908045958
3775.7505773672056,0.005344827586206913,0.006882183908045958
3780.254041570439,0.0038074712643678676,0.005344827586206913
3784.757505773672,0.005344827586206913,0.006882183908045958
3789.260969976905,0.0038074712643678676,0.005344827586206913
3793.764434180139,0.0038074712643678676,0.006882183908045958
3798.267898383372,0.0022701149425286005,0.005344827586206913
3802.771362586605,0.0038074712643678676,0.006882183908045958
3807.2748267898382,0.005344827586206913,0.008419540229885003
3811.7782909930716,0.005344827586206913,0.006882183908045958
3816.281755196305,0.005344827586206913,0.006882183908045958
3820.785219399538,0.0038074712643678676,0.005344827586206913
3825.2886836027715,0.005344827586206913,0.006882183908045958
3829.7921478060043,0.005344827586206913,0.006882183908045958
3834.295612009238,0.0038074712643678676,0.006882183908045958
3838.799076212471,0.0038074712643678676,0.005344827586206913
3843.3025404157042,0.0022701149425286005,0.0038074712643678676
3847.8060046189375,0.0022701149425286005,0.0038074712643678676
3852.309468822171,0.0022701149425286005,0.0038074712643678676
3856.812933025404,0.0022701149425286005,0.005344827586206913
3861.3163972286375,0.0022701149425286005,0.005344827586206913
3865.8198614318703,0.0038074712643678676,0.005344827586206913
3870.323325635104,0.005344827586206913,0.006882183908045958
3874.8267898383374,0.0038074712643678676,0.006882183908045958
3879.3302540415702,0.0038074712643678676,0.006882183908045958
3883.8337182448035,0.0038074712643678676,0.005344827586206913
3888.3371824480373,0.0038074712643678676,0.006882183908045958
3892.84064665127,0.0022701149425286005,0.0038074712643678676
3897.3441108545035,0.0022701149425286005,0.0038074712643678676
3901.847575057737,0.0022701149425286005,0.0038074712643678676
3906.35103926097,0.0007327586206895553,0.0038074712643678676
3910.8545034642034,0.0022701149425286005,0.0038074712643678676
3915.3579676674362,0.0007327586206895553,0.0038074712643678676
3919.8614318706695,0.0007327586206895553,0.005344827586206913
3924.3648960739033,0.0007327586206895553,0.0022701149425286005
3928.868360277136,0.0007327586206895553,0.0022701149425286005
3933.3718244803695,0.0022701149425286005,0.0038074712643678676
3937.875288683603,0.0022701149425286005,0.0038074712643678676
3942.378752886836,0.0022701149425286005,0.0038074712643678676
3946.8822170900694,0.0022701149425286005,0.0038074712643678676
3951.3856812933027,0.0007327586206895553,0.0022701149425286005
3955.8891454965355,0.0007327586206895553,0.0022701149425286005
3960.392609699769,0.0007327586206895553,0.0022701149425286005
3964.8960739030026,0.0007327586206895553,0.0038074712643678676
3969.3995381062355,0.0007327586206895553,0.0022701149425286005
3973.903002309469,0.0007327586206895553,0.0038074712643678676
3978.406466512702,0.0007327586206895553,0.0022701149425286005
3982.9099307159354,0.0007327586206895553,0.0038074712643678676
3987.4133949191687,-0.0008045977011494898,0.0022701149425286005
3991.9168591224015,-0.0008045977011494898,0.0022701149425286005
3996.420323325635,0.0007327586206895553,0.0038074712643678676
4000.9237875288686,0.0022701149425286005,0.0038074712643678676
4005.4272517321015,0.0007327586206895553,0.0038074712643678676
4009.930715935335,0.0022701149425286005,0.0038074712643678676
4014.434180138568,0.0022701149425286005,0.0038074712643678676
4018.9376443418014,0.0022701149425286005,0.0038074712643678676
